fixIdx,time,lat,lng,alt,tickLead,tickRace,zoneIdx,legIdx,togo,area
1,,,,352.0,-3711.56351198721,-5498.467863820314,1,0,116.372,0.0
653,,,,1359.0,-3044.56351198721,-4831.467863820314,653,0,116.37,0.0
654,,,,1360.0,-3043.56351198721,-4830.467863820314,654,0,116.36,0.0
655,,,,1360.0,-3042.56351198721,-4829.467863820314,655,0,116.354,0.0
656,,,,1359.0,-3041.56351198721,-4828.467863820314,656,0,116.347,0.0
657,,,,1358.0,-3040.56351198721,-4827.467863820314,657,0,116.339,0.0
658,,,,1355.0,-3039.56351198721,-4826.467863820314,658,0,116.332,0.0
659,,,,1354.0,-3038.56351198721,-4825.467863820314,659,0,116.326,0.0
660,,,,1353.0,-3037.56351198721,-4824.467863820314,660,0,116.32,0.0
661,,,,1353.0,-3035.56351198721,-4822.467863820314,661,0,116.308,0.0
662,,,,1353.0,-3034.56351198721,-4821.467863820314,662,0,116.302,0.0
663,,,,1352.0,-3033.56351198721,-4820.467863820314,663,0,116.294,0.0
664,,,,1348.0,-3032.56351198721,-4819.467863820314,664,0,116.284,0.0
665,,,,1345.0,-3031.56351198721,-4818.467863820314,665,0,116.278,0.0
666,,,,1343.0,-3030.56351198721,-4817.467863820314,666,0,116.268,0.0
667,,,,1343.0,-3029.56351198721,-4816.467863820314,667,0,116.261,0.0
668,,,,1342.0,-3028.56351198721,-4815.467863820314,668,0,116.253,0.0
669,,,,1342.0,-3027.56351198721,-4814.467863820314,669,0,116.245,0.0
670,,,,1341.0,-3026.56351198721,-4813.467863820314,670,0,116.239,0.0
671,,,,1340.0,-3025.56351198721,-4812.467863820314,671,0,116.235,0.0
672,,,,1338.0,-3024.56351198721,-4811.467863820314,672,0,116.23,0.0
673,,,,1337.0,-3023.56351198721,-4810.467863820314,673,0,116.228,0.0
674,,,,1336.0,-3022.56351198721,-4809.467863820314,674,0,116.226,0.0
675,,,,1333.0,-3021.56351198721,-4808.467863820314,675,0,116.223,0.0
676,,,,1330.0,-3020.56351198721,-4807.467863820314,676,0,116.221,0.0
798,,,,1426.0,-2895.56351198721,-4682.467863820314,798,0,116.219,0.0
799,,,,1428.0,-2894.56351198721,-4681.467863820314,799,0,116.206,0.0
800,,,,1427.0,-2893.56351198721,-4680.467863820314,800,0,116.195,0.0
801,,,,1427.0,-2892.56351198721,-4679.467863820314,801,0,116.183,0.0
802,,,,1428.0,-2891.56351198721,-4678.467863820314,802,0,116.172,0.0
803,,,,1429.0,-2890.56351198721,-4677.467863820314,803,0,116.164,0.0
804,,,,1431.0,-2889.56351198721,-4676.467863820314,804,0,116.159,0.0
805,,,,1432.0,-2888.56351198721,-4675.467863820314,805,0,116.156,0.0
837,,,,1445.0,-2855.56351198721,-4642.467863820314,837,0,116.144,0.0
838,,,,1445.0,-2854.56351198721,-4641.467863820314,838,0,116.134,0.0
839,,,,1444.0,-2853.56351198721,-4640.467863820314,839,0,116.124,0.0
840,,,,1443.0,-2852.56351198721,-4639.467863820314,840,0,116.12,0.0
841,,,,1444.0,-2851.56351198721,-4638.467863820314,841,0,116.115,0.0
862,,,,1463.0,-2830.56351198721,-4617.467863820314,862,0,116.103,0.0
863,,,,1464.0,-2829.56351198721,-4616.467863820314,863,0,116.088,0.0
864,,,,1464.0,-2828.56351198721,-4615.467863820314,864,0,116.073,0.0
865,,,,1463.0,-2827.56351198721,-4614.467863820314,865,0,116.056,0.0
866,,,,1463.0,-2825.56351198721,-4612.467863820314,866,0,116.03,0.0
867,,,,1462.0,-2824.56351198721,-4611.467863820314,867,0,116.019,0.0
868,,,,1461.0,-2823.56351198721,-4610.467863820314,868,0,116.013,0.0
869,,,,1461.0,-2822.56351198721,-4609.467863820314,869,0,116.01,0.0
870,,,,1461.0,-2821.56351198721,-4608.467863820314,870,0,116.008,0.0
905,,,,1474.0,-2786.56351198721,-4573.467863820314,905,0,116.0,0.0
906,,,,1473.0,-2785.56351198721,-4572.467863820314,906,0,115.988,0.0
907,,,,1471.0,-2784.56351198721,-4571.467863820314,907,0,115.979,0.0
908,,,,1471.0,-2782.56351198721,-4569.467863820314,908,0,115.962,0.0
909,,,,1472.0,-2781.56351198721,-4568.467863820314,909,0,115.955,0.0
910,,,,1473.0,-2780.56351198721,-4567.467863820314,910,0,115.948,0.0
912,,,,1475.0,-2778.56351198721,-4565.467863820314,912,0,115.947,0.0
1168,,,,1262.0,-2516.56351198721,-4303.467863820314,1168,0,115.942,0.0
1169,,,,1262.0,-2515.56351198721,-4302.467863820314,1169,0,115.934,0.0
1170,,,,1261.0,-2514.56351198721,-4301.467863820314,1170,0,115.927,0.0
1171,,,,1262.0,-2513.56351198721,-4300.467863820314,1171,0,115.922,0.0
1172,,,,1264.0,-2512.56351198721,-4299.467863820314,1172,0,115.914,0.0
1173,,,,1265.0,-2511.56351198721,-4298.467863820314,1173,0,115.905,0.0
1174,,,,1266.0,-2510.56351198721,-4297.467863820314,1174,0,115.895,0.0
1175,,,,1266.0,-2509.56351198721,-4296.467863820314,1175,0,115.881,0.0
1176,,,,1266.0,-2508.56351198721,-4295.467863820314,1176,0,115.864,0.0
1177,,,,1265.0,-2507.56351198721,-4294.467863820314,1177,0,115.849,0.0
1178,,,,1264.0,-2506.56351198721,-4293.467863820314,1178,0,115.831,0.0
1179,,,,1266.0,-2505.56351198721,-4292.467863820314,1179,0,115.812,0.0
1180,,,,1266.0,-2504.56351198721,-4291.467863820314,1180,0,115.794,0.0
1181,,,,1265.0,-2503.56351198721,-4290.467863820314,1181,0,115.774,0.0
1182,,,,1265.0,-2502.56351198721,-4289.467863820314,1182,0,115.758,0.0
1183,,,,1265.0,-2501.56351198721,-4288.467863820314,1183,0,115.749,0.0
1208,,,,1283.0,-2475.56351198721,-4262.467863820314,1208,0,115.748,0.0
1224,,,,1293.0,-2459.56351198721,-4246.467863820314,1224,0,115.737,0.0
1225,,,,1294.0,-2458.56351198721,-4245.467863820314,1225,0,115.722,0.0
1226,,,,1295.0,-2457.56351198721,-4244.467863820314,1226,0,115.712,0.0
1227,,,,1298.0,-2456.56351198721,-4243.467863820314,1227,0,115.702,0.0
1228,,,,1301.0,-2455.56351198721,-4242.467863820314,1228,0,115.69,0.0
1229,,,,1301.0,-2454.56351198721,-4241.467863820314,1229,0,115.677,0.0
1230,,,,1298.0,-2453.56351198721,-4240.467863820314,1230,0,115.67,0.0
1231,,,,1295.0,-2452.56351198721,-4239.467863820314,1231,0,115.669,0.0
1246,,,,1297.0,-2436.56351198721,-4223.467863820314,1246,0,115.659,0.0
1247,,,,1298.0,-2435.56351198721,-4222.467863820314,1247,0,115.645,0.0
1248,,,,1300.0,-2434.56351198721,-4221.467863820314,1248,0,115.629,0.0
1249,,,,1303.0,-2433.56351198721,-4220.467863820314,1249,0,115.616,0.0
1250,,,,1305.0,-2432.56351198721,-4219.467863820314,1250,0,115.602,0.0
1251,,,,1305.0,-2431.56351198721,-4218.467863820314,1251,0,115.593,0.0
1252,,,,1305.0,-2430.56351198721,-4217.467863820314,1252,0,115.587,0.0
1268,,,,1312.0,-2414.56351198721,-4201.467863820314,1268,0,115.569,0.0
1269,,,,1314.0,-2413.56351198721,-4200.467863820314,1269,0,115.554,0.0
1270,,,,1315.0,-2412.56351198721,-4199.467863820314,1270,0,115.537,0.0
1271,,,,1314.0,-2411.56351198721,-4198.467863820314,1271,0,115.527,0.0
1272,,,,1314.0,-2410.56351198721,-4197.467863820314,1272,0,115.517,0.0
1273,,,,1315.0,-2409.56351198721,-4196.467863820314,1273,0,115.505,0.0
1274,,,,1316.0,-2408.56351198721,-4195.467863820314,1274,0,115.5,0.0
1275,,,,1318.0,-2407.56351198721,-4194.467863820314,1275,0,115.494,0.0
1276,,,,1319.0,-2406.56351198721,-4193.467863820314,1276,0,115.49,0.0
1293,,,,1336.0,-2388.56351198721,-4175.467863820314,1293,0,115.487,0.0
1294,,,,1336.0,-2387.56351198721,-4174.467863820314,1294,0,115.475,0.0
1295,,,,1338.0,-2386.56351198721,-4173.467863820314,1295,0,115.463,0.0
1296,,,,1339.0,-2385.56351198721,-4172.467863820314,1296,0,115.462,0.0
1316,,,,1346.0,-2365.56351198721,-4152.467863820314,1316,0,115.453,0.0
1317,,,,1347.0,-2364.56351198721,-4151.467863820314,1317,0,115.443,0.0
1318,,,,1348.0,-2363.56351198721,-4150.467863820314,1318,0,115.434,0.0
1319,,,,1349.0,-2361.56351198721,-4148.467863820314,1319,0,115.424,0.0
1320,,,,1351.0,-2360.56351198721,-4147.467863820314,1320,0,115.422,0.0
1321,,,,1354.0,-2359.56351198721,-4146.467863820314,1321,0,115.42,0.0
1351,,,,1356.0,-2329.56351198721,-4116.467863820314,1351,0,115.412,0.0
1352,,,,1356.0,-2328.56351198721,-4115.467863820314,1352,0,115.396,0.0
1353,,,,1356.0,-2327.56351198721,-4114.467863820314,1353,0,115.379,0.0
1354,,,,1356.0,-2326.56351198721,-4113.467863820314,1354,0,115.363,0.0
1355,,,,1356.0,-2325.56351198721,-4112.467863820314,1355,0,115.344,0.0
1356,,,,1357.0,-2324.56351198721,-4111.467863820314,1356,0,115.324,0.0
1357,,,,1358.0,-2323.56351198721,-4110.467863820314,1357,0,115.309,0.0
1358,,,,1358.0,-2321.56351198721,-4108.467863820314,1358,0,115.277,0.0
1359,,,,1358.0,-2320.56351198721,-4107.467863820314,1359,0,115.263,0.0
1360,,,,1358.0,-2319.56351198721,-4106.467863820314,1360,0,115.249,0.0
1361,,,,1356.0,-2318.56351198721,-4105.467863820314,1361,0,115.235,0.0
1362,,,,1354.0,-2317.56351198721,-4104.467863820314,1362,0,115.22,0.0
1363,,,,1350.0,-2316.56351198721,-4103.467863820314,1363,0,115.207,0.0
1364,,,,1346.0,-2315.56351198721,-4102.467863820314,1364,0,115.19,0.0
1365,,,,1344.0,-2314.56351198721,-4101.467863820314,1365,0,115.177,0.0
1366,,,,1345.0,-2313.56351198721,-4100.467863820314,1366,0,115.162,0.0
1367,,,,1345.0,-2312.56351198721,-4099.467863820314,1367,0,115.16,0.0
1368,,,,1344.0,-2311.56351198721,-4098.467863820314,1368,0,115.157,0.0
1393,,,,1350.0,-2286.56351198721,-4073.467863820314,1393,0,115.153,0.0
1394,,,,1349.0,-2285.56351198721,-4072.467863820314,1394,0,115.137,0.0
1395,,,,1348.0,-2284.56351198721,-4071.467863820314,1395,0,115.121,0.0
1396,,,,1347.0,-2283.56351198721,-4070.467863820314,1396,0,115.106,0.0
1397,,,,1347.0,-2282.56351198721,-4069.467863820314,1397,0,115.089,0.0
1398,,,,1348.0,-2281.56351198721,-4068.467863820314,1398,0,115.072,0.0
1399,,,,1349.0,-2280.56351198721,-4067.467863820314,1399,0,115.059,0.0
1400,,,,1350.0,-2278.56351198721,-4065.467863820314,1400,0,115.037,0.0
1401,,,,1349.0,-2277.56351198721,-4064.467863820314,1401,0,115.031,0.0
1402,,,,1348.0,-2276.56351198721,-4063.467863820314,1402,0,115.026,0.0
1403,,,,1346.0,-2275.56351198721,-4062.467863820314,1403,0,115.024,0.0
1511,,,,1481.0,-2165.56351198721,-3952.467863820314,1511,0,115.019,0.0
1512,,,,1483.0,-2164.56351198721,-3951.467863820314,1512,0,115.004,0.0
1513,,,,1484.0,-2163.56351198721,-3950.467863820314,1513,0,114.992,0.0
1514,,,,1484.0,-2162.56351198721,-3949.467863820314,1514,0,114.985,0.0
1515,,,,1484.0,-2161.56351198721,-3948.467863820314,1515,0,114.98,0.0
1529,,,,1501.0,-2146.56351198721,-3933.467863820314,1529,0,114.977,0.0
1530,,,,1504.0,-2145.56351198721,-3932.467863820314,1530,0,114.96,0.0
1531,,,,1507.0,-2144.56351198721,-3931.467863820314,1531,0,114.951,0.0
1532,,,,1509.0,-2143.56351198721,-3930.467863820314,1532,0,114.944,0.0
1544,,,,1514.0,-2131.56351198721,-3918.467863820314,1544,0,114.935,0.0
1545,,,,1518.0,-2130.56351198721,-3917.467863820314,1545,0,114.918,0.0
1546,,,,1524.0,-2129.56351198721,-3916.467863820314,1546,0,114.902,0.0
1547,,,,1524.0,-2128.56351198721,-3915.467863820314,1547,0,114.886,0.0
1548,,,,1522.0,-2127.56351198721,-3914.467863820314,1548,0,114.874,0.0
1549,,,,1517.0,-2126.56351198721,-3913.467863820314,1549,0,114.861,0.0
1550,,,,1513.0,-2125.56351198721,-3912.467863820314,1550,0,114.852,0.0
1551,,,,1510.0,-2124.56351198721,-3911.467863820314,1551,0,114.85,0.0
1569,,,,1518.0,-2105.56351198721,-3892.467863820314,1569,0,114.849,0.0
1570,,,,1521.0,-2104.56351198721,-3891.467863820314,1570,0,114.844,0.0
1571,,,,1524.0,-2103.56351198721,-3890.467863820314,1571,0,114.837,0.0
1572,,,,1528.0,-2102.56351198721,-3889.467863820314,1572,0,114.829,0.0
1573,,,,1530.0,-2101.56351198721,-3888.467863820314,1573,0,114.822,0.0
1574,,,,1530.0,-2100.56351198721,-3887.467863820314,1574,0,114.811,0.0
1575,,,,1529.0,-2099.56351198721,-3886.467863820314,1575,0,114.797,0.0
1576,,,,1528.0,-2098.56351198721,-3885.467863820314,1576,0,114.779,0.0
1577,,,,1528.0,-2097.56351198721,-3884.467863820314,1577,0,114.768,0.0
1578,,,,1529.0,-2096.56351198721,-3883.467863820314,1578,0,114.76,0.0
1579,,,,1529.0,-2095.56351198721,-3882.467863820314,1579,0,114.759,0.0
1595,,,,1546.0,-2079.56351198721,-3866.467863820314,1595,0,114.754,0.0
1596,,,,1547.0,-2078.56351198721,-3865.467863820314,1596,0,114.744,0.0
1597,,,,1548.0,-2077.56351198721,-3864.467863820314,1597,0,114.733,0.0
1598,,,,1548.0,-2076.56351198721,-3863.467863820314,1598,0,114.723,0.0
1599,,,,1548.0,-2075.56351198721,-3862.467863820314,1599,0,114.711,0.0
1600,,,,1548.0,-2074.56351198721,-3861.467863820314,1600,0,114.697,0.0
1601,,,,1548.0,-2073.56351198721,-3860.467863820314,1601,0,114.683,0.0
1602,,,,1547.0,-2072.56351198721,-3859.467863820314,1602,0,114.671,0.0
1603,,,,1547.0,-2071.56351198721,-3858.467863820314,1603,0,114.657,0.0
1604,,,,1550.0,-2069.56351198721,-3856.467863820314,1604,0,114.629,0.0
1605,,,,1555.0,-2068.56351198721,-3855.467863820314,1605,0,114.617,0.0
1606,,,,1559.0,-2067.56351198721,-3854.467863820314,1606,0,114.607,0.0
1607,,,,1561.0,-2066.56351198721,-3853.467863820314,1607,0,114.599,0.0
1608,,,,1563.0,-2065.56351198721,-3852.467863820314,1608,0,114.594,0.0
1632,,,,1572.0,-2041.56351198721,-3828.467863820314,1632,0,114.588,0.0
1633,,,,1572.0,-2040.56351198721,-3827.467863820314,1633,0,114.571,0.0
1634,,,,1573.0,-2039.56351198721,-3826.467863820314,1634,0,114.554,0.0
1635,,,,1573.0,-2038.56351198721,-3825.467863820314,1635,0,114.54,0.0
1636,,,,1568.0,-2037.56351198721,-3824.467863820314,1636,0,114.524,0.0
1637,,,,1567.0,-2036.56351198721,-3823.467863820314,1637,0,114.506,0.0
1638,,,,1568.0,-2035.56351198721,-3822.467863820314,1638,0,114.487,0.0
1639,,,,1571.0,-2034.56351198721,-3821.467863820314,1639,0,114.472,0.0
1640,,,,1575.0,-2033.56351198721,-3820.467863820314,1640,0,114.46,0.0
1641,,,,1578.0,-2032.56351198721,-3819.467863820314,1641,0,114.445,0.0
1642,,,,1581.0,-2031.56351198721,-3818.467863820314,1642,0,114.438,0.0
1643,,,,1583.0,-2030.56351198721,-3817.467863820314,1643,0,114.436,0.0
1644,,,,1585.0,-2029.56351198721,-3816.467863820314,1644,0,114.43,0.0
1645,,,,1587.0,-2027.56351198721,-3814.467863820314,1645,0,114.429,0.0
1664,,,,1616.0,-2008.56351198721,-3795.467863820314,1664,0,114.423,0.0
1665,,,,1619.0,-2007.56351198721,-3794.467863820314,1665,0,114.413,0.0
1666,,,,1622.0,-2006.56351198721,-3793.467863820314,1666,0,114.405,0.0
1667,,,,1624.0,-2005.56351198721,-3792.467863820314,1667,0,114.402,0.0
1686,,,,1628.0,-1986.56351198721,-3773.467863820314,1686,0,114.395,0.0
1687,,,,1626.0,-1984.56351198721,-3771.467863820314,1687,0,114.369,0.0
1688,,,,1626.0,-1983.56351198721,-3770.467863820314,1688,0,114.363,0.0
1689,,,,1628.0,-1982.56351198721,-3769.467863820314,1689,0,114.361,0.0
1710,,,,1645.0,-1961.56351198721,-3748.467863820314,1710,0,114.349,0.0
1711,,,,1644.0,-1960.56351198721,-3747.467863820314,1711,0,114.336,0.0
1712,,,,1645.0,-1959.56351198721,-3746.467863820314,1712,0,114.322,0.0
1713,,,,1647.0,-1958.56351198721,-3745.467863820314,1713,0,114.309,0.0
1714,,,,1650.0,-1957.56351198721,-3744.467863820314,1714,0,114.296,0.0
1715,,,,1653.0,-1956.56351198721,-3743.467863820314,1715,0,114.286,0.0
1716,,,,1656.0,-1955.56351198721,-3742.467863820314,1716,0,114.27,0.0
1717,,,,1659.0,-1954.56351198721,-3741.467863820314,1717,0,114.26,0.0
1718,,,,1663.0,-1953.56351198721,-3740.467863820314,1718,0,114.249,0.0
1719,,,,1666.0,-1952.56351198721,-3739.467863820314,1719,0,114.238,0.0
1720,,,,1667.0,-1951.56351198721,-3738.467863820314,1720,0,114.231,0.0
1721,,,,1667.0,-1950.56351198721,-3737.467863820314,1721,0,114.222,0.0
1722,,,,1667.0,-1949.56351198721,-3736.467863820314,1722,0,114.218,0.0
1743,,,,1678.0,-1927.56351198721,-3714.467863820314,1743,0,114.21,0.0
1744,,,,1676.0,-1926.56351198721,-3713.467863820314,1744,0,114.194,0.0
1745,,,,1674.0,-1925.56351198721,-3712.467863820314,1745,0,114.179,0.0
1746,,,,1673.0,-1924.56351198721,-3711.467863820314,1746,0,114.167,0.0
1747,,,,1673.0,-1923.56351198721,-3710.467863820314,1747,0,114.156,0.0
1748,,,,1675.0,-1922.56351198721,-3709.467863820314,1748,0,114.149,0.0
1749,,,,1676.0,-1921.56351198721,-3708.467863820314,1749,0,114.146,0.0
1750,,,,1679.0,-1920.56351198721,-3707.467863820314,1750,0,114.142,0.0
1751,,,,1683.0,-1919.56351198721,-3706.467863820314,1751,0,114.141,0.0
1779,,,,1680.0,-1890.56351198721,-3677.467863820314,1779,0,114.138,0.0
1780,,,,1678.0,-1889.56351198721,-3676.467863820314,1780,0,114.12,0.0
1781,,,,1678.0,-1888.56351198721,-3675.467863820314,1781,0,114.102,0.0
1782,,,,1682.0,-1887.56351198721,-3674.467863820314,1782,0,114.085,0.0
1783,,,,1683.0,-1886.56351198721,-3673.467863820314,1783,0,114.07,0.0
1784,,,,1685.0,-1885.56351198721,-3672.467863820314,1784,0,114.062,0.0
1785,,,,1688.0,-1884.56351198721,-3671.467863820314,1785,0,114.059,0.0
1799,,,,1697.0,-1870.56351198721,-3657.467863820314,1799,0,114.055,0.0
1800,,,,1696.0,-1869.56351198721,-3656.467863820314,1800,0,114.038,0.0
1801,,,,1695.0,-1868.56351198721,-3655.467863820314,1801,0,114.023,0.0
1802,,,,1696.0,-1867.56351198721,-3654.467863820314,1802,0,114.008,0.0
1803,,,,1699.0,-1866.56351198721,-3653.467863820314,1803,0,113.995,0.0
1804,,,,1702.0,-1865.56351198721,-3652.467863820314,1804,0,113.985,0.0
1805,,,,1706.0,-1864.56351198721,-3651.467863820314,1805,0,113.979,0.0
1806,,,,1708.0,-1863.56351198721,-3650.467863820314,1806,0,113.974,0.0
1807,,,,1710.0,-1862.56351198721,-3649.467863820314,1807,0,113.972,0.0
1829,,,,1700.0,-1839.56351198721,-3626.467863820314,1829,0,113.971,0.0
1830,,,,1700.0,-1838.56351198721,-3625.467863820314,1830,0,113.955,0.0
1831,,,,1700.0,-1837.56351198721,-3624.467863820314,1831,0,113.942,0.0
1832,,,,1702.0,-1836.56351198721,-3623.467863820314,1832,0,113.93,0.0
1833,,,,1705.0,-1835.56351198721,-3622.467863820314,1833,0,113.916,0.0
1834,,,,1708.0,-1834.56351198721,-3621.467863820314,1834,0,113.908,0.0
1835,,,,1710.0,-1833.56351198721,-3620.467863820314,1835,0,113.903,0.0
1836,,,,1712.0,-1832.56351198721,-3619.467863820314,1836,0,113.898,0.0
1837,,,,1713.0,-1831.56351198721,-3618.467863820314,1837,0,113.897,0.0
1866,,,,1688.0,-1801.56351198721,-3588.467863820314,1866,0,113.891,0.0
1867,,,,1690.0,-1800.56351198721,-3587.467863820314,1867,0,113.876,0.0
1868,,,,1692.0,-1799.56351198721,-3586.467863820314,1868,0,113.862,0.0
1869,,,,1692.0,-1798.56351198721,-3585.467863820314,1869,0,113.848,0.0
1870,,,,1693.0,-1797.56351198721,-3584.467863820314,1870,0,113.834,0.0
1871,,,,1693.0,-1796.56351198721,-3583.467863820314,1871,0,113.82,0.0
1872,,,,1694.0,-1795.56351198721,-3582.467863820314,1872,0,113.81,0.0
1873,,,,1693.0,-1794.56351198721,-3581.467863820314,1873,0,113.8,0.0
1874,,,,1692.0,-1793.56351198721,-3580.467863820314,1874,0,113.794,0.0
1875,,,,1690.0,-1792.56351198721,-3579.467863820314,1875,0,113.788,0.0
1922,,,,1628.0,-1744.56351198721,-3531.467863820314,1922,0,113.783,0.0
1923,,,,1626.0,-1743.56351198721,-3530.467863820314,1923,0,113.77,0.0
1924,,,,1625.0,-1742.56351198721,-3529.467863820314,1924,0,113.752,0.0
1925,,,,1625.0,-1741.56351198721,-3528.467863820314,1925,0,113.739,0.0
1926,,,,1626.0,-1740.56351198721,-3527.467863820314,1926,0,113.721,0.0
1927,,,,1626.0,-1739.56351198721,-3526.467863820314,1927,0,113.71,0.0
1928,,,,1626.0,-1738.56351198721,-3525.467863820314,1928,0,113.694,0.0
1929,,,,1626.0,-1737.56351198721,-3524.467863820314,1929,0,113.684,0.0
1930,,,,1624.0,-1736.56351198721,-3523.467863820314,1930,0,113.673,0.0
1931,,,,1623.0,-1735.56351198721,-3522.467863820314,1931,0,113.658,0.0
1932,,,,1622.0,-1733.56351198721,-3520.467863820314,1932,0,113.639,0.0
1933,,,,1621.0,-1732.56351198721,-3519.467863820314,1933,0,113.627,0.0
1934,,,,1619.0,-1731.56351198721,-3518.467863820314,1934,0,113.614,0.0
1935,,,,1617.0,-1730.56351198721,-3517.467863820314,1935,0,113.603,0.0
1936,,,,1614.0,-1729.56351198721,-3516.467863820314,1936,0,113.588,0.0
1937,,,,1610.0,-1728.56351198721,-3515.467863820314,1937,0,113.574,0.0
1938,,,,1607.0,-1727.56351198721,-3514.467863820314,1938,0,113.555,0.0
1939,,,,1606.0,-1726.56351198721,-3513.467863820314,1939,0,113.532,0.0
1940,,,,1607.0,-1725.56351198721,-3512.467863820314,1940,0,113.512,0.0
1941,,,,1608.0,-1724.56351198721,-3511.467863820314,1941,0,113.493,0.0
1942,,,,1609.0,-1723.56351198721,-3510.467863820314,1942,0,113.475,0.0
1943,,,,1610.0,-1722.56351198721,-3509.467863820314,1943,0,113.46,0.0
1944,,,,1610.0,-1721.56351198721,-3508.467863820314,1944,0,113.445,0.0
1945,,,,1609.0,-1720.56351198721,-3507.467863820314,1945,0,113.432,0.0
1946,,,,1608.0,-1719.56351198721,-3506.467863820314,1946,0,113.422,0.0
1947,,,,1608.0,-1718.56351198721,-3505.467863820314,1947,0,113.417,0.0
1948,,,,1609.0,-1717.56351198721,-3504.467863820314,1948,0,113.415,0.0
2096,,,,1430.0,-1565.56351198721,-3352.467863820314,2096,0,113.41,0.0
2097,,,,1430.0,-1564.56351198721,-3351.467863820314,2097,0,113.395,0.0
2098,,,,1430.0,-1563.56351198721,-3350.467863820314,2098,0,113.382,0.0
2099,,,,1430.0,-1562.56351198721,-3349.467863820314,2099,0,113.366,0.0
2100,,,,1431.0,-1561.56351198721,-3348.467863820314,2100,0,113.352,0.0
2101,,,,1432.0,-1560.56351198721,-3347.467863820314,2101,0,113.334,0.0
2102,,,,1432.0,-1559.56351198721,-3346.467863820314,2102,0,113.32,0.0
2103,,,,1433.0,-1558.56351198721,-3345.467863820314,2103,0,113.3,0.0
2104,,,,1434.0,-1557.56351198721,-3344.467863820314,2104,0,113.281,0.0
2105,,,,1437.0,-1556.56351198721,-3343.467863820314,2105,0,113.262,0.0
2106,,,,1440.0,-1555.56351198721,-3342.467863820314,2106,0,113.243,0.0
2107,,,,1443.0,-1554.56351198721,-3341.467863820314,2107,0,113.223,0.0
2108,,,,1445.0,-1553.56351198721,-3340.467863820314,2108,0,113.207,0.0
2109,,,,1446.0,-1552.56351198721,-3339.467863820314,2109,0,113.189,0.0
2110,,,,1447.0,-1551.56351198721,-3338.467863820314,2110,0,113.176,0.0
2111,,,,1449.0,-1550.56351198721,-3337.467863820314,2111,0,113.169,0.0
2112,,,,1452.0,-1549.56351198721,-3336.467863820314,2112,0,113.164,0.0
2130,,,,1474.0,-1531.56351198721,-3318.467863820314,2130,0,113.16,0.0
2131,,,,1475.0,-1530.56351198721,-3317.467863820314,2131,0,113.15,0.0
2132,,,,1476.0,-1529.56351198721,-3316.467863820314,2132,0,113.14,0.0
2133,,,,1476.0,-1528.56351198721,-3315.467863820314,2133,0,113.129,0.0
2134,,,,1477.0,-1527.56351198721,-3314.467863820314,2134,0,113.115,0.0
2135,,,,1478.0,-1525.56351198721,-3312.467863820314,2135,0,113.079,0.0
2136,,,,1478.0,-1524.56351198721,-3311.467863820314,2136,0,113.061,0.0
2137,,,,1479.0,-1523.56351198721,-3310.467863820314,2137,0,113.04,0.0
2138,,,,1479.0,-1522.56351198721,-3309.467863820314,2138,0,113.025,0.0
2139,,,,1479.0,-1521.56351198721,-3308.467863820314,2139,0,113.014,0.0
2140,,,,1480.0,-1520.56351198721,-3307.467863820314,2140,0,113.004,0.0
2141,,,,1482.0,-1519.56351198721,-3306.467863820314,2141,0,112.996,0.0
2142,,,,1482.0,-1518.56351198721,-3305.467863820314,2142,0,112.987,0.0
2143,,,,1483.0,-1517.56351198721,-3304.467863820314,2143,0,112.982,0.0
2144,,,,1482.0,-1516.56351198721,-3303.467863820314,2144,0,112.977,0.0
2145,,,,1481.0,-1515.56351198721,-3302.467863820314,2145,0,112.973,0.0
2146,,,,1479.0,-1514.56351198721,-3301.467863820314,2146,0,112.972,0.0
2212,,,,1529.0,-1447.56351198721,-3234.467863820314,2212,0,112.96,0.0
2213,,,,1530.0,-1446.56351198721,-3233.467863820314,2213,0,112.953,0.0
2214,,,,1531.0,-1445.56351198721,-3232.467863820314,2214,0,112.95,0.0
2215,,,,1532.0,-1444.56351198721,-3231.467863820314,2215,0,112.946,0.0
2216,,,,1532.0,-1443.56351198721,-3230.467863820314,2216,0,112.945,0.0
2236,,,,1517.0,-1422.56351198721,-3209.467863820314,2236,0,112.93,0.0
2237,,,,1514.0,-1421.56351198721,-3208.467863820314,2237,0,112.911,0.0
2238,,,,1511.0,-1420.56351198721,-3207.467863820314,2238,0,112.896,0.0
2239,,,,1509.0,-1419.56351198721,-3206.467863820314,2239,0,112.881,0.0
2240,,,,1508.0,-1418.56351198721,-3205.467863820314,2240,0,112.873,0.0
2241,,,,1507.0,-1417.56351198721,-3204.467863820314,2241,0,112.866,0.0
2242,,,,1508.0,-1416.56351198721,-3203.467863820314,2242,0,112.863,0.0
3976,,,,1562.0,359.43648801279,-1427.467863820314,3976,0,112.855,0.0
3977,,,,1563.0,360.43648801279,-1426.467863820314,3977,0,112.843,0.0
3978,,,,1563.0,361.43648801279,-1425.467863820314,3978,0,112.837,0.0
3979,,,,1565.0,362.43648801279,-1424.467863820314,3979,0,112.832,0.0
3995,,,,1577.0,379.43648801279,-1407.467863820314,3995,0,112.826,0.0
3996,,,,1578.0,380.43648801279,-1406.467863820314,3996,0,112.81,0.0
3997,,,,1580.0,381.43648801279,-1405.467863820314,3997,0,112.791,0.0
3998,,,,1581.0,382.43648801279,-1404.467863820314,3998,0,112.773,0.0
3999,,,,1581.0,383.43648801279,-1403.467863820314,3999,0,112.755,0.0
4000,,,,1581.0,384.43648801279,-1402.467863820314,4000,0,112.739,0.0
4001,,,,1581.0,385.43648801279,-1401.467863820314,4001,0,112.724,0.0
4002,,,,1582.0,386.43648801279,-1400.467863820314,4002,0,112.71,0.0
4003,,,,1581.0,387.43648801279,-1399.467863820314,4003,0,112.7,0.0
4004,,,,1580.0,388.43648801279,-1398.467863820314,4004,0,112.692,0.0
4005,,,,1579.0,389.43648801279,-1397.467863820314,4005,0,112.687,0.0
4006,,,,1579.0,390.43648801279,-1396.467863820314,4006,0,112.683,0.0
4007,,,,1580.0,391.43648801279,-1395.467863820314,4007,0,112.682,0.0
4008,,,,1579.0,392.43648801279,-1394.467863820314,4008,0,112.681,0.0
4060,,,,1618.0,445.43648801279,-1341.467863820314,4060,0,112.679,0.0
4061,,,,1616.0,446.43648801279,-1340.467863820314,4061,0,112.672,0.0
4062,,,,1615.0,448.43648801279,-1338.467863820314,4062,0,112.67,0.0
4078,,,,1626.0,464.43648801279,-1322.467863820314,4078,0,112.655,0.0
4079,,,,1628.0,465.43648801279,-1321.467863820314,4079,0,112.644,0.0
4080,,,,1629.0,466.43648801279,-1320.467863820314,4080,0,112.635,0.0
4081,,,,1629.0,467.43648801279,-1319.467863820314,4081,0,112.63,0.0
4094,,,,1633.0,480.43648801279,-1306.467863820314,4094,0,112.624,0.0
4095,,,,1635.0,481.43648801279,-1305.467863820314,4095,0,112.606,0.0
4096,,,,1637.0,482.43648801279,-1304.467863820314,4096,0,112.591,0.0
4097,,,,1637.0,483.43648801279,-1303.467863820314,4097,0,112.576,0.0
4098,,,,1636.0,484.43648801279,-1302.467863820314,4098,0,112.565,0.0
4099,,,,1634.0,485.43648801279,-1301.467863820314,4099,0,112.555,0.0
4100,,,,1632.0,486.43648801279,-1300.467863820314,4100,0,112.549,0.0
4119,,,,1637.0,506.43648801279,-1280.467863820314,4119,0,112.535,0.0
4120,,,,1636.0,507.43648801279,-1279.467863820314,4120,0,112.519,0.0
4121,,,,1636.0,508.43648801279,-1278.467863820314,4121,0,112.501,0.0
4122,,,,1635.0,509.43648801279,-1277.467863820314,4122,0,112.488,0.0
4123,,,,1635.0,510.43648801279,-1276.467863820314,4123,0,112.479,0.0
4124,,,,1635.0,511.43648801279,-1275.467863820314,4124,0,112.471,0.0
4125,,,,1634.0,512.43648801279,-1274.467863820314,4125,0,112.467,0.0
4149,,,,1624.0,537.43648801279,-1249.467863820314,4149,0,112.464,0.0
4150,,,,1623.0,538.43648801279,-1248.467863820314,4150,0,112.452,0.0
4151,,,,1622.0,539.43648801279,-1247.467863820314,4151,0,112.435,0.0
4152,,,,1621.0,540.43648801279,-1246.467863820314,4152,0,112.421,0.0
4153,,,,1619.0,541.43648801279,-1245.467863820314,4153,0,112.408,0.0
4154,,,,1618.0,542.43648801279,-1244.467863820314,4154,0,112.393,0.0
4155,,,,1617.0,543.43648801279,-1243.467863820314,4155,0,112.374,0.0
4156,,,,1614.0,544.43648801279,-1242.467863820314,4156,0,112.355,0.0
4157,,,,1612.0,545.43648801279,-1241.467863820314,4157,0,112.337,0.0
4158,,,,1610.0,546.43648801279,-1240.467863820314,4158,0,112.319,0.0
4159,,,,1608.0,547.43648801279,-1239.467863820314,4159,0,112.301,0.0
4160,,,,1605.0,548.43648801279,-1238.467863820314,4160,0,112.286,0.0
4161,,,,1602.0,549.43648801279,-1237.467863820314,4161,0,112.271,0.0
4162,,,,1599.0,550.43648801279,-1236.467863820314,4162,0,112.262,0.0
4163,,,,1598.0,551.43648801279,-1235.467863820314,4163,0,112.253,0.0
4164,,,,1596.0,552.43648801279,-1234.467863820314,4164,0,112.25,0.0
4438,,,,1789.0,833.43648801279,-953.467863820314,4438,0,112.238,0.0
4439,,,,1790.0,834.43648801279,-952.467863820314,4439,0,112.223,0.0
4440,,,,1791.0,835.43648801279,-951.467863820314,4440,0,112.208,0.0
4441,,,,1792.0,836.43648801279,-950.467863820314,4441,0,112.197,0.0
4442,,,,1794.0,837.43648801279,-949.467863820314,4442,0,112.185,0.0
4443,,,,1795.0,838.43648801279,-948.467863820314,4443,0,112.174,0.0
4444,,,,1795.0,839.43648801279,-947.467863820314,4444,0,112.166,0.0
4445,,,,1795.0,840.43648801279,-946.467863820314,4445,0,112.16,0.0
4446,,,,1795.0,841.43648801279,-945.467863820314,4446,0,112.156,0.0
4447,,,,1795.0,842.43648801279,-944.467863820314,4447,0,112.155,0.0
4469,,,,1806.0,864.43648801279,-922.467863820314,4469,0,112.147,0.0
4470,,,,1808.0,866.43648801279,-920.467863820314,4470,0,112.121,0.0
4471,,,,1807.0,867.43648801279,-919.467863820314,4471,0,112.105,0.0
4472,,,,1807.0,868.43648801279,-918.467863820314,4472,0,112.092,0.0
4473,,,,1807.0,869.43648801279,-917.467863820314,4473,0,112.081,0.0
4474,,,,1807.0,870.43648801279,-916.467863820314,4474,0,112.068,0.0
4475,,,,1807.0,871.43648801279,-915.467863820314,4475,0,112.06,0.0
4476,,,,1807.0,872.43648801279,-914.467863820314,4476,0,112.052,0.0
4477,,,,1805.0,873.43648801279,-913.467863820314,4477,0,112.047,0.0
4478,,,,1804.0,874.43648801279,-912.467863820314,4478,0,112.044,0.0
4498,,,,1816.0,894.43648801279,-892.467863820314,4498,0,112.042,0.0
4499,,,,1817.0,895.43648801279,-891.467863820314,4499,0,112.024,0.0
4500,,,,1817.0,896.43648801279,-890.467863820314,4500,0,112.01,0.0
4501,,,,1816.0,897.43648801279,-889.467863820314,4501,0,111.996,0.0
4502,,,,1814.0,898.43648801279,-888.467863820314,4502,0,111.978,0.0
4503,,,,1812.0,899.43648801279,-887.467863820314,4503,0,111.965,0.0
4504,,,,1812.0,900.43648801279,-886.467863820314,4504,0,111.953,0.0
4505,,,,1812.0,901.43648801279,-885.467863820314,4505,0,111.944,0.0
4506,,,,1814.0,902.43648801279,-884.467863820314,4506,0,111.936,0.0
4507,,,,1816.0,903.43648801279,-883.467863820314,4507,0,111.929,0.0
4508,,,,1816.0,904.43648801279,-882.467863820314,4508,0,111.924,0.0
4509,,,,1814.0,905.43648801279,-881.467863820314,4509,0,111.921,0.0
4510,,,,1811.0,906.43648801279,-880.467863820314,4510,0,111.92,0.0
4514,,,,1814.0,911.43648801279,-875.467863820314,4514,0,111.918,0.0
4515,,,,1813.0,912.43648801279,-874.467863820314,4515,0,111.916,0.0
4516,,,,1813.0,913.43648801279,-873.467863820314,4516,0,111.912,0.0
4517,,,,1812.0,914.43648801279,-872.467863820314,4517,0,111.91,0.0
4518,,,,1810.0,915.43648801279,-871.467863820314,4518,0,111.906,0.0
4519,,,,1809.0,916.43648801279,-870.467863820314,4519,0,111.9,0.0
4520,,,,1807.0,917.43648801279,-869.467863820314,4520,0,111.894,0.0
4521,,,,1807.0,918.43648801279,-868.467863820314,4521,0,111.886,0.0
4522,,,,1809.0,919.43648801279,-867.467863820314,4522,0,111.878,0.0
4523,,,,1811.0,920.43648801279,-866.467863820314,4523,0,111.87,0.0
4524,,,,1812.0,921.43648801279,-865.467863820314,4524,0,111.862,0.0
4525,,,,1812.0,922.43648801279,-864.467863820314,4525,0,111.855,0.0
4526,,,,1811.0,923.43648801279,-863.467863820314,4526,0,111.851,0.0
4527,,,,1809.0,924.43648801279,-862.467863820314,4527,0,111.843,0.0
4528,,,,1804.0,927.43648801279,-859.467863820314,4528,0,111.819,0.0
4529,,,,1801.0,930.43648801279,-856.467863820314,4529,0,111.791,0.0
4530,,,,1797.0,933.43648801279,-853.467863820314,4530,0,111.766,0.0
4531,,,,1800.0,936.43648801279,-850.467863820314,4531,0,111.75,0.0
4532,,,,1796.0,939.43648801279,-847.467863820314,4532,0,111.731,0.0
4533,,,,1791.0,942.43648801279,-844.467863820314,4533,0,111.706,0.0
4534,,,,1794.0,945.43648801279,-841.467863820314,4534,0,111.68,0.0
4535,,,,1794.0,949.43648801279,-837.467863820314,4535,0,111.641,0.0
4536,,,,1791.0,952.43648801279,-834.467863820314,4536,0,111.615,0.0
4537,,,,1790.0,955.43648801279,-831.467863820314,4537,0,111.583,0.0
4538,,,,1791.0,958.43648801279,-828.467863820314,4538,0,111.556,0.0
4539,,,,1790.0,961.43648801279,-825.467863820314,4539,0,111.543,0.0
4548,,,,1777.0,988.43648801279,-798.467863820314,4548,0,111.497,0.0
4549,,,,1775.0,992.43648801279,-794.467863820314,4549,0,111.428,0.0
4550,,,,1770.0,995.43648801279,-791.467863820314,4550,0,111.378,0.0
4551,,,,1765.0,998.43648801279,-788.467863820314,4551,0,111.331,0.0
4552,,,,1761.0,1001.43648801279,-785.467863820314,4552,0,111.303,0.0
4648,,,,1369.0,1296.43648801279,-490.467863820314,4648,0,111.289,0.0
4649,,,,1362.0,1299.43648801279,-487.467863820314,4649,0,111.226,0.0
4650,,,,1368.0,1302.43648801279,-484.467863820314,4650,0,111.162,0.0
4651,,,,1372.0,1305.43648801279,-481.467863820314,4651,0,111.109,0.0
4652,,,,1372.0,1308.43648801279,-478.467863820314,4652,0,111.07,0.0
4653,,,,1379.0,1311.43648801279,-475.467863820314,4653,0,111.057,0.0
4658,,,,1379.0,1327.43648801279,-459.467863820314,4658,0,111.043,0.0
4659,,,,1388.0,1330.43648801279,-456.467863820314,4659,0,111.031,0.0
4667,,,,1398.0,1354.43648801279,-432.467863820314,4667,0,111.004,0.0
4668,,,,1401.0,1357.43648801279,-429.467863820314,4668,0,110.974,0.0
4669,,,,1402.0,1360.43648801279,-426.467863820314,4669,0,110.964,0.0
4675,,,,1405.0,1379.43648801279,-407.467863820314,4675,0,110.948,0.0
4676,,,,1406.0,1382.43648801279,-404.467863820314,4676,0,110.918,0.0
5153,,,,1946.0,2848.43648801279,1061.532136179686,5,1,110.877,25902.527805217636
5154,,,,1938.0,2851.43648801279,1064.532136179686,6,1,110.808,43616.32815130563
5155,,,,1933.0,2854.43648801279,1067.532136179686,7,1,110.735,46163.770869063424
5156,,,,1926.0,2857.43648801279,1070.532136179686,8,1,110.668,42387.21572061383
5157,,,,1929.0,2860.43648801279,1073.532136179686,9,1,110.622,29117.355559892218
5158,,,,1929.0,2863.43648801279,1076.532136179686,10,1,110.586,22802.94211105286
5159,,,,1929.0,2866.43648801279,1079.532136179686,11,1,110.549,23453.16901273309
5160,,,,1922.0,2869.43648801279,1082.532136179686,12,1,110.51,24738.275663542092
5161,,,,1917.0,2872.43648801279,1085.532136179686,13,1,110.47,25390.040604846625
5162,,,,1900.0,2875.43648801279,1088.532136179686,14,1,110.421,31122.74402240319
5163,,,,1894.0,2878.43648801279,1091.532136179686,15,1,110.36,38765.74926186154
5164,,,,1893.0,2882.43648801279,1095.532136179686,16,1,110.28,50878.46293721027
5165,,,,1885.0,2885.43648801279,1098.532136179686,17,1,110.22,38174.32473641066
5166,,,,1875.0,2888.43648801279,1101.532136179686,18,1,110.158,39465.967094026004
5167,,,,1867.0,2891.43648801279,1104.532136179686,19,1,110.094,40758.058838903315
5168,,,,1864.0,2894.43648801279,1107.532136179686,20,1,110.037,36317.8463169287
5169,,,,1856.0,2897.43648801279,1110.532136179686,21,1,109.98,36336.66117563865
5170,,,,1849.0,2900.43648801279,1113.532136179686,22,1,109.926,34442.4628619801
5171,,,,1848.0,2903.43648801279,1116.532136179686,23,1,109.875,32547.090418587897
5172,,,,1843.0,2906.43648801279,1119.532136179686,24,1,109.83,28735.13828694934
5173,,,,1833.0,2909.43648801279,1122.532136179686,25,1,109.782,30669.463968263473
5174,,,,1828.0,2912.43648801279,1125.532136179686,26,1,109.735,30048.47806533598
5175,,,,1824.0,2915.43648801279,1128.532136179686,27,1,109.693,26868.592703051178
5176,,,,1815.0,2918.43648801279,1131.532136179686,28,1,109.649,28165.970630760898
5177,,,,1803.0,2922.43648801279,1135.532136179686,29,1,109.584,41645.143707471565
5178,,,,1799.0,2925.43648801279,1138.532136179686,30,1,109.532,33332.51695838964
5179,,,,1792.0,2928.43648801279,1141.532136179686,31,1,109.485,30144.736591867673
5180,,,,1783.0,2931.43648801279,1144.532136179686,32,1,109.441,28237.777241284304
5181,,,,1777.0,2934.43648801279,1147.532136179686,33,1,109.4,26329.175634399442
5182,,,,1767.0,2937.43648801279,1150.532136179686,34,1,109.362,24418.780277651866
5183,,,,1754.0,2940.43648801279,1153.532136179686,35,1,109.324,24435.22716506535
5184,,,,1747.0,2943.43648801279,1156.532136179686,36,1,109.288,23164.939350629153
5185,,,,1740.0,2946.43648801279,1159.532136179686,37,1,109.256,20605.63250675828
5186,,,,1731.0,2949.43648801279,1162.532136179686,38,1,109.229,17399.00603925447
5187,,,,1719.0,2952.43648801279,1165.532136179686,39,1,109.202,17412.398671854946
5188,,,,1709.0,2955.43648801279,1168.532136179686,40,1,109.167,22588.149865778072
5189,,,,1694.0,2958.43648801279,1171.532136179686,41,1,109.135,20666.643270595105
5190,,,,1695.0,2961.43648801279,1174.532136179686,42,1,109.099,23266.30069890028
5191,,,,1697.0,2965.43648801279,1178.532136179686,43,1,109.056,27817.76627282862
5192,,,,1698.0,2968.43648801279,1181.532136179686,44,1,109.019,23951.646123560175
5193,,,,1704.0,2971.43648801279,1184.532136179686,45,1,108.998,13604.29704494929
5194,,,,1713.0,2974.43648801279,1187.532136179686,46,1,108.993,3242.0019222982464
5195,,,,1721.0,2977.43648801279,1190.532136179686,47,1,108.973,12979.598430921333
5196,,,,1716.0,2980.43648801279,1193.532136179686,48,1,108.93,27926.1802380353
5197,,,,1720.0,2983.43648801279,1196.532136179686,49,1,108.869,39637.15850281914
5198,,,,1730.0,2986.43648801279,1199.532136179686,50,1,108.824,29255.68432732468
5199,,,,1734.0,2989.43648801279,1202.532136179686,51,1,108.795,18866.187193458438
5200,,,,1732.0,2992.43648801279,1205.532136179686,52,1,108.774,13672.289699470068
5201,,,,1734.0,2995.43648801279,1208.532136179686,53,1,108.753,13683.35457148764
5202,,,,1726.0,2998.43648801279,1211.532136179686,54,1,108.719,22170.58331732192
5203,,,,1727.0,3001.43648801279,1214.532136179686,55,1,108.671,31319.149350188734
5204,,,,1734.0,3005.43648801279,1218.532136179686,56,1,108.621,32652.865267671183
5205,,,,1734.0,3008.43648801279,1221.532136179686,57,1,108.58,26790.851958945426
5206,,,,1740.0,3011.43648801279,1224.532136179686,58,1,108.534,30075.950996281754
5207,,,,1738.0,3014.43648801279,1227.532136179686,59,1,108.49,28785.02283248475
5208,,,,1733.0,3017.43648801279,1230.532136179686,60,1,108.437,34691.86258686119
5209,,,,1736.0,3020.43648801279,1233.532136179686,61,1,108.374,41256.422890361646
5210,,,,1746.0,3023.43648801279,1236.532136179686,62,1,108.317,37343.63413336824
5211,,,,1755.0,3026.43648801279,1239.532136179686,63,1,108.268,32118.556591051263
5212,,,,1758.0,3029.43648801279,1242.532136179686,64,1,108.255,8527.254797025344
5215,,,,1763.0,3038.43648801279,1251.532136179686,67,1,108.201,35515.14165626335
5216,,,,1761.0,3041.43648801279,1254.532136179686,68,1,108.134,44083.93389648998
5217,,,,1752.0,3044.43648801279,1257.532136179686,69,1,108.068,43442.07500037017
5218,,,,1744.0,3048.43648801279,1261.532136179686,70,1,107.981,57299.21396748692
5219,,,,1740.0,3051.43648801279,1264.532136179686,71,1,107.923,38211.405923454186
5220,,,,1739.0,3054.43648801279,1267.532136179686,72,1,107.865,38228.4229707722
5221,,,,1731.0,3057.43648801279,1270.532136179686,73,1,107.807,38245.39965007148
5222,,,,1726.0,3060.43648801279,1273.532136179686,74,1,107.753,35624.21522522735
5223,,,,1721.0,3063.43648801279,1276.532136179686,75,1,107.702,33661.66813476585
5224,,,,1715.0,3066.43648801279,1279.532136179686,76,1,107.65,34338.887989454626
5225,,,,1705.0,3069.43648801279,1282.532136179686,77,1,107.599,33695.34986502279
5226,,,,1695.0,3072.43648801279,1285.532136179686,78,1,107.545,35694.87889196063
5227,,,,1687.0,3075.43648801279,1288.532136179686,79,1,107.491,35711.79627436254
5228,,,,1680.0,3078.43648801279,1291.532136179686,80,1,107.441,33082.72556207637
5229,,,,1670.0,3081.43648801279,1294.532136179686,81,1,107.397,29128.424697312406
5230,,,,1655.0,3084.43648801279,1297.532136179686,82,1,107.35,31131.553677097738
5231,,,,1622.0,3087.43648801279,1300.532136179686,83,1,107.295,36448.654273317894
5232,,,,1594.0,3091.43648801279,1304.532136179686,84,1,107.192,68296.51261445886
5233,,,,1605.0,3094.43648801279,1307.532136179686,85,1,107.132,39792.72035140327
5234,,,,1599.0,3097.43648801279,1310.532136179686,86,1,107.082,33175.71299216613
5235,,,,1586.0,3100.43648801279,1313.532136179686,87,1,107.029,35183.39051489823
5236,,,,1569.0,3103.43648801279,1316.532136179686,88,1,106.976,35199.99905770858
5237,,,,1557.0,3106.43648801279,1319.532136179686,89,1,106.919,37873.72025840069
5238,,,,1551.0,3109.43648801279,1322.532136179686,90,1,106.863,37225.526871697875
5239,,,,1537.0,3112.43648801279,1325.532136179686,91,1,106.808,36577.05792565503
5240,,,,1518.0,3115.43648801279,1328.532136179686,92,1,106.744,42579.692344843636
5241,,,,1508.0,3118.43648801279,1331.532136179686,93,1,106.678,43925.8348415496
5242,,,,1501.0,3121.43648801279,1334.532136179686,94,1,106.619,39281.789276434516
5243,,,,1492.0,3124.43648801279,1337.532136179686,95,1,106.561,38631.907489840014
5244,,,,1495.0,3127.43648801279,1340.532136179686,96,1,106.506,36649.44306053271
5245,,,,1493.0,3130.43648801279,1343.532136179686,97,1,106.453,35332.69507468612
5246,,,,1484.0,3134.43648801279,1347.532136179686,98,1,106.38,48699.14103689051
5247,,,,1491.0,3137.43648801279,1350.532136179686,99,1,106.33,33368.20576825813
5248,,,,1495.0,3140.43648801279,1353.532136179686,100,1,106.282,32049.335164291228
5249,,,,1510.0,3143.43648801279,1356.532136179686,101,1,106.269,8685.827396520885
5252,,,,1531.0,3152.43648801279,1365.532136179686,104,1,106.264,3349.983920540586
5253,,,,1546.0,3155.43648801279,1368.532136179686,105,1,106.207,38215.00852454168
5254,,,,1558.0,3158.43648801279,1371.532136179686,106,1,106.167,26830.79162820379
5258,,,,1592.0,3170.43648801279,1383.532136179686,110,1,106.15,11443.338585029242
5259,,,,1601.0,3174.43648801279,1387.532136179686,111,1,106.128,14824.986633656094
5263,,,,1632.0,3186.43648801279,1399.532136179686,115,1,106.126,1352.667780650181
5264,,,,1645.0,3189.43648801279,1402.532136179686,116,1,106.089,25043.311779238622
5265,,,,1657.0,3192.43648801279,1405.532136179686,117,1,106.07,12868.7785243495
5270,,,,1690.0,3207.43648801279,1420.532136179686,122,1,106.061,6123.570386738334
5271,,,,1702.0,3210.43648801279,1423.532136179686,123,1,106.032,19746.422075518003
5277,,,,1740.0,3229.43648801279,1442.532136179686,129,1,106.021,7532.928651515379
5278,,,,1755.0,3232.43648801279,1445.532136179686,130,1,106.003,12336.374050820095
5279,,,,1764.0,3235.43648801279,1448.532136179686,131,1,105.978,17146.27655413988
5280,,,,1772.0,3238.43648801279,1451.532136179686,132,1,105.972,4118.3196818060205
5284,,,,1805.0,3250.43648801279,1463.532136179686,136,1,105.942,20664.389937623055
5285,,,,1812.0,3253.43648801279,1466.532136179686,137,1,105.934,5514.6008746705265
5289,,,,1843.0,3266.43648801279,1479.532136179686,141,1,105.9,23526.038438052183
5290,,,,1852.0,3269.43648801279,1482.532136179686,142,1,105.883,11770.988151600823
5294,,,,1878.0,3281.43648801279,1494.532136179686,146,1,105.861,15286.138729785162
5295,,,,1892.0,3284.43648801279,1497.532136179686,147,1,105.84,14601.688267925263
5300,,,,1936.0,3300.43648801279,1513.532136179686,152,1,105.811,20257.679810604917
5301,,,,1945.0,3303.43648801279,1516.532136179686,153,1,105.775,25162.592859097225
5302,,,,1955.0,3306.43648801279,1519.532136179686,154,1,105.758,11890.14730352684
5309,,,,2018.0,3327.43648801279,1540.532136179686,161,1,105.736,15482.122757101013
5310,,,,2030.0,3330.43648801279,1543.532136179686,162,1,105.716,14084.549125272815
5315,,,,2068.0,3346.43648801279,1559.532136179686,167,1,105.686,21223.300993157147
5320,,,,2115.0,3361.43648801279,1574.532136179686,172,1,105.676,7104.799389797228
5321,,,,2124.0,3364.43648801279,1577.532136179686,173,1,105.636,28437.832126202793
5322,,,,2130.0,3367.43648801279,1580.532136179686,174,1,105.598,27030.049006135614
5323,,,,2133.0,3370.43648801279,1583.532136179686,175,1,105.566,22774.87521774894
5324,,,,2137.0,3373.43648801279,1586.532136179686,176,1,105.549,12107.111750833028
5329,,,,2157.0,3389.43648801279,1602.532136179686,181,1,105.518,22177.343927681493
5330,,,,2162.0,3392.43648801279,1605.532136179686,182,1,105.451,47951.828540456416
5331,,,,2166.0,3395.43648801279,1608.532136179686,183,1,105.389,44385.41740622052
5332,,,,2162.0,3398.43648801279,1611.532136179686,184,1,105.327,44398.50646650068
5333,,,,2163.0,3401.43648801279,1614.532136179686,185,1,105.259,48708.05348999543
5334,,,,2163.0,3404.43648801279,1617.532136179686,186,1,105.193,47287.05087316946
5335,,,,2162.0,3407.43648801279,1620.532136179686,187,1,105.124,49448.28556960951
5336,,,,2167.0,3410.43648801279,1623.532136179686,188,1,105.053,50892.466991614085
5337,,,,2176.0,3413.43648801279,1626.532136179686,189,1,104.986,48035.97069587816
5338,,,,2181.0,3416.43648801279,1629.532136179686,190,1,104.919,48047.51576809897
5339,,,,2184.0,3419.43648801279,1632.532136179686,191,1,104.853,47341.93404358745
5340,,,,2185.0,3422.43648801279,1635.532136179686,192,1,104.787,47353.65263289368
5341,,,,2186.0,3426.43648801279,1639.532136179686,193,1,104.692,68187.81646189035
5342,,,,2184.0,3429.43648801279,1642.532136179686,194,1,104.616,54553.44542490182
5343,,,,2177.0,3432.43648801279,1645.532136179686,195,1,104.539,55279.16653107296
5344,,,,2159.0,3435.43648801279,1648.532136179686,196,1,104.458,58157.66949450414
5345,,,,2150.0,3438.43648801279,1651.532136179686,197,1,104.374,60316.66776783599
5346,,,,2139.0,3441.43648801279,1654.532136179686,198,1,104.294,57449.413526451004
5347,,,,2138.0,3444.43648801279,1657.532136179686,199,1,104.215,56737.484606640995
5348,,,,2128.0,3447.43648801279,1660.532136179686,200,1,104.131,60333.80661264936
5349,,,,2128.0,3450.43648801279,1663.532136179686,201,1,104.049,58901.57318210464
5350,,,,2125.0,3453.43648801279,1666.532136179686,202,1,103.969,57470.15610908455
5351,,,,2121.0,3456.43648801279,1669.532136179686,203,1,103.889,57475.838042027775
5352,,,,2121.0,3459.43648801279,1672.532136179686,204,1,103.805,60354.35296306366
5353,,,,2123.0,3462.43648801279,1675.532136179686,205,1,103.726,56766.46963671436
5354,,,,2115.0,3466.43648801279,1679.532136179686,206,1,103.626,71877.25386623872
5355,,,,2108.0,3469.43648801279,1682.532136179686,207,1,103.545,58220.09675930812
5356,,,,2103.0,3472.43648801279,1685.532136179686,208,1,103.463,58943.41486587087
5357,,,,2103.0,3475.43648801279,1688.532136179686,209,1,103.38,59666.1858876713
5358,,,,2102.0,3478.43648801279,1691.532136179686,210,1,103.307,52483.174975041846
5359,,,,2099.0,3481.43648801279,1694.532136179686,211,1,103.233,53210.136025326574
5360,,,,2092.0,3484.43648801279,1697.532136179686,212,1,103.161,51780.00848449961
5361,,,,2085.0,3487.43648801279,1700.532136179686,213,1,103.083,56102.50238063149
5362,,,,2081.0,3490.43648801279,1703.532136179686,214,1,103.004,56827.353175897595
5363,,,,2078.0,3493.43648801279,1706.532136179686,215,1,102.93,53236.88387945813
5364,,,,2070.0,3496.43648801279,1709.532136179686,216,1,102.856,53244.308255051634
5365,,,,2067.0,3499.43648801279,1712.532136179686,217,1,102.784,51812.936596428146
5366,,,,2059.0,3502.43648801279,1715.532136179686,218,1,102.714,50382.058538960984
5367,,,,2042.0,3505.43648801279,1718.532136179686,219,1,102.639,53988.89243421883
5368,,,,2025.0,3509.43648801279,1722.532136179686,220,1,102.52,85679.10517286154
5369,,,,2021.0,3512.43648801279,1725.532136179686,221,1,102.431,64069.08598826815
5370,,,,2009.0,3515.43648801279,1728.532136179686,222,1,102.345,61909.42391515934
5371,,,,1999.0,3518.43648801279,1731.532136179686,223,1,102.258,62629.79148585101
5372,,,,1989.0,3521.43648801279,1734.532136179686,224,1,102.172,61910.30446702203
5373,,,,1985.0,3524.43648801279,1737.532136179686,225,1,102.088,60471.717351487656
5374,,,,1979.0,3527.43648801279,1740.532136179686,226,1,102.013,53996.4985979842
5375,,,,1970.0,3530.43648801279,1743.532136179686,227,1,101.936,55442.23232961517
5376,,,,1960.0,3533.43648801279,1746.532136179686,228,1,101.856,57606.88710121721
5377,,,,1954.0,3536.43648801279,1749.532136179686,229,1,101.773,59770.04512625603
5378,,,,1951.0,3539.43648801279,1752.532136179686,230,1,101.695,56172.64094075506
5379,,,,1938.0,3542.43648801279,1755.532136179686,231,1,101.617,56177.14808555869
5380,,,,1924.0,3545.43648801279,1758.532136179686,232,1,101.536,58341.55076679246
5381,,,,1925.0,3548.43648801279,1761.532136179686,233,1,101.451,61224.35057834717
5382,,,,1927.0,3552.43648801279,1765.532136179686,234,1,101.357,67723.47869052015
5383,,,,1929.0,3555.43648801279,1768.532136179686,235,1,101.291,47553.13816590765
5384,,,,1925.0,3558.43648801279,1771.532136179686,236,1,101.229,44680.58256824399
5385,,,,1914.0,3561.43648801279,1774.532136179686,237,1,101.167,44690.870964524154
5386,,,,1913.0,3564.43648801279,1777.532136179686,238,1,101.094,52629.09366064812
5387,,,,1916.0,3567.43648801279,1780.532136179686,239,1,101.029,46868.96274232795
5388,,,,1920.0,3570.43648801279,1783.532136179686,240,1,100.967,44715.26110762143
5389,,,,1922.0,3573.43648801279,1786.532136179686,241,1,100.908,42561.861970035534
5390,,,,1919.0,3576.43648801279,1789.532136179686,242,1,100.848,43294.05120453215
5391,,,,1923.0,3579.43648801279,1792.532136179686,243,1,100.781,48355.11937597756
5392,,,,1933.0,3582.43648801279,1795.532136179686,244,1,100.714,48363.48369019844
5393,,,,1949.0,3585.43648801279,1798.532136179686,245,1,100.655,42597.749849122396
5394,,,,1953.0,3588.43648801279,1801.532136179686,246,1,100.636,13724.07941306701
5398,,,,1978.0,3601.43648801279,1814.532136179686,250,1,100.623,9422.67957982605
5399,,,,1985.0,3604.43648801279,1817.532136179686,251,1,100.577,33359.78058386067
5400,,,,1987.0,3607.43648801279,1820.532136179686,252,1,100.521,40625.10272051628
5401,,,,1992.0,3610.43648801279,1823.532136179686,253,1,100.463,42087.11809219726
5402,,,,1995.0,3613.43648801279,1826.532136179686,254,1,100.403,43548.99201606196
5403,,,,1997.0,3616.43648801279,1829.532136179686,255,1,100.34,45736.38152453028
5404,,,,1998.0,3619.43648801279,1832.532136179686,256,1,100.277,45745.590864688435
5405,,,,1983.0,3622.43648801279,1835.532136179686,257,1,100.211,47932.83307617656
5406,,,,1972.0,3625.43648801279,1838.532136179686,258,1,100.122,64640.2165478219
5407,,,,1979.0,3628.43648801279,1841.532136179686,259,1,100.043,57376.593180218624
5408,,,,1971.0,3631.43648801279,1844.532136179686,260,1,99.975,49391.98111524402
5409,,,,1961.0,3635.43648801279,1848.532136179686,261,1,99.873,74106.54054814325
5410,,,,1956.0,3638.43648801279,1851.532136179686,262,1,99.797,55212.982630680584
5411,,,,1944.0,3641.43648801279,1854.532136179686,263,1,99.722,54490.182498888855
5412,,,,1931.0,3644.43648801279,1857.532136179686,264,1,99.64,59578.09606409825
5413,,,,1923.0,3647.43648801279,1860.532136179686,265,1,99.559,58851.82177903067
5414,,,,1918.0,3650.43648801279,1863.532136179686,266,1,99.476,60304.86399050377
5415,,,,1916.0,3653.43648801279,1866.532136179686,267,1,99.398,56672.73519313248
5416,,,,1908.0,3656.43648801279,1869.532136179686,268,1,99.322,55222.13647623573
5417,,,,1892.0,3659.43648801279,1872.532136179686,269,1,99.239,60309.573585192375
5418,,,,1901.0,3662.43648801279,1875.532136179686,270,1,99.157,59582.24545702011
5419,,,,1908.0,3665.43648801279,1878.532136179686,271,1,99.088,50139.15750306249
5420,,,,1893.0,3668.43648801279,1881.532136179686,272,1,99.023,47239.24536998397
5421,,,,1883.0,3671.43648801279,1884.532136179686,273,1,98.942,58872.089872307835
5422,,,,1877.0,3674.43648801279,1887.532136179686,274,1,98.863,57418.93085139351
5423,,,,1871.0,3678.43648801279,1891.532136179686,275,1,98.753,79960.9695516645
5424,,,,1840.0,3681.43648801279,1894.532136179686,276,1,98.666,63230.33937235113
5425,,,,1815.0,3684.43648801279,1897.532136179686,277,1,98.559,77752.93953927001
5426,,,,1828.0,3687.43648801279,1900.532136179686,278,1,98.479,58125.20885800389
5427,,,,1823.0,3690.43648801279,1903.532136179686,279,1,98.412,48683.119947603824
5428,,,,1809.0,3693.43648801279,1906.532136179686,280,1,98.343,50142.4446377299
5429,,,,1802.0,3696.43648801279,1909.532136179686,281,1,98.266,55959.95647332009
5430,,,,1803.0,3699.43648801279,1912.532136179686,282,1,98.196,50875.908391563185
5431,,,,1799.0,3702.43648801279,1915.532136179686,283,1,98.133,45794.42615507071
5432,,,,1794.0,3705.43648801279,1918.532136179686,284,1,98.058,54522.996751470535
5433,,,,1799.0,3708.43648801279,1921.532136179686,285,1,97.977,58885.651101136806
5434,,,,1807.0,3711.43648801279,1924.532136179686,286,1,97.9,55977.84846210974
5435,,,,1813.0,3714.43648801279,1927.532136179686,287,1,97.827,53072.13226572285
5436,,,,1830.0,3717.43648801279,1930.532136179686,288,1,97.758,50168.16227005263
5437,,,,1833.0,3721.43648801279,1934.532136179686,289,1,97.731,19642.497235339317
5441,,,,1855.0,3733.43648801279,1946.532136179686,293,1,97.71,15322.99777372844
5442,,,,1870.0,3736.43648801279,1949.532136179686,294,1,97.657,38688.74852973853
5443,,,,1871.0,3739.43648801279,1952.532136179686,295,1,97.636,15336.001171123698
5448,,,,1901.0,3754.43648801279,1967.532136179686,300,1,97.63,4398.68277161
5449,,,,1913.0,3757.43648801279,1970.532136179686,301,1,97.58,36674.45884124675
5450,,,,1923.0,3761.43648801279,1974.532136179686,302,1,97.517,46232.23339361712
5451,,,,1924.0,3764.43648801279,1977.532136179686,303,1,97.479,27893.902181826175
5452,,,,1922.0,3767.43648801279,1980.532136179686,304,1,97.469,7344.542084654931
5453,,,,1926.0,3770.43648801279,1983.532136179686,305,1,97.46,6614.706727546856
5458,,,,1947.0,3785.43648801279,1998.532136179686,310,1,97.435,18444.066108275027
5459,,,,1955.0,3788.43648801279,2001.532136179686,311,1,97.373,45757.099592119564
5460,,,,1955.0,3791.43648801279,2004.532136179686,312,1,97.316,42074.60576964075
5461,,,,1956.0,3794.43648801279,2007.532136179686,313,1,97.255,45035.52541646254
5462,,,,1957.0,3797.43648801279,2010.532136179686,314,1,97.191,47257.36546227543
5463,,,,1956.0,3800.43648801279,2013.532136179686,315,1,97.135,41357.32277429418
5464,,,,1952.0,3804.43648801279,2017.532136179686,316,1,97.059,56148.70419084546
5465,,,,1942.0,3807.43648801279,2020.532136179686,317,1,97.001,42854.52524209282
5466,,,,1937.0,3810.43648801279,2023.532136179686,318,1,96.935,48772.73350879225
5467,,,,1932.0,3813.43648801279,2026.532136179686,319,1,96.876,43606.07041151472
5468,,,,1916.0,3816.43648801279,2029.532136179686,320,1,96.814,45830.74616852697
5469,,,,1908.0,3819.43648801279,2032.532136179686,321,1,96.743,52488.78545002919
5470,,,,1904.0,3822.43648801279,2035.532136179686,322,1,96.677,48796.15392374598
5471,,,,1902.0,3825.43648801279,2038.532136179686,323,1,96.618,43626.82701108416
5472,,,,1885.0,3828.43648801279,2041.532136179686,324,1,96.561,42155.691342106984
5473,,,,1866.0,3831.43648801279,2044.532136179686,325,1,96.486,55473.54897760749
5474,,,,1859.0,3834.43648801279,2047.532136179686,326,1,96.403,61388.51143811165
5475,,,,1859.0,3837.43648801279,2050.532136179686,327,1,96.324,58426.632139999754
5476,,,,1859.0,3840.43648801279,2053.532136179686,328,1,96.264,44377.31894120611
5477,,,,1843.0,3843.43648801279,2056.532136179686,329,1,96.206,42905.280809168275
5478,,,,1817.0,3847.43648801279,2060.532136179686,330,1,96.104,75469.85212299631
5479,,,,1801.0,3850.43648801279,2063.532136179686,331,1,96.009,70273.29597705127
5480,,,,1803.0,3853.43648801279,2066.532136179686,332,1,95.925,62126.86022678309
5481,,,,1801.0,3856.43648801279,2069.532136179686,333,1,95.848,56946.15038540577
5482,,,,1797.0,3859.43648801279,2072.532136179686,334,1,95.772,56205.43670730395
5483,,,,1801.0,3862.43648801279,2075.532136179686,335,1,95.696,56204.50720100493
5484,,,,1808.0,3865.43648801279,2078.532136179686,336,1,95.623,53985.795371853725
5485,,,,1817.0,3868.43648801279,2081.532136179686,337,1,95.55,53986.46443677499
5486,,,,1826.0,3871.43648801279,2084.532136179686,338,1,95.482,50290.64135210643
5487,,,,1840.0,3874.43648801279,2087.532136179686,339,1,95.415,49554.42625089077
5488,,,,1850.0,3877.43648801279,2090.532136179686,340,1,95.355,44381.91352909368
5489,,,,1856.0,3880.43648801279,2093.532136179686,341,1,95.305,36992.20104022383
5490,,,,1861.0,3883.43648801279,2096.532136179686,342,1,95.304,740.2179455471644
5492,,,,1872.0,3890.43648801279,2103.532136179686,344,1,95.303,741.5444276741946
5493,,,,1876.0,3893.43648801279,2106.532136179686,345,1,95.255,35612.42257357293
5494,,,,1878.0,3896.43648801279,2109.532136179686,346,1,95.197,43040.87907686529
5495,,,,1879.0,3899.43648801279,2112.532136179686,347,1,95.142,40821.81629305772
5496,,,,1876.0,3902.43648801279,2115.532136179686,348,1,95.082,44540.224709746384
5497,,,,1873.0,3905.43648801279,2118.532136179686,349,1,95.024,43061.92072142385
5498,,,,1861.0,3908.43648801279,2121.532136179686,350,1,94.955,51233.93903337849
5499,,,,1859.0,3911.43648801279,2124.532136179686,351,1,94.88,55689.565927645206
5500,,,,1865.0,3914.43648801279,2127.532136179686,352,1,94.808,53461.557254739724
5501,,,,1865.0,3917.43648801279,2130.532136179686,353,1,94.746,46039.076875032915
5502,,,,1868.0,3920.43648801279,2133.532136179686,354,1,94.682,47528.98835527712
5503,,,,1869.0,3923.43648801279,2136.532136179686,355,1,94.618,47533.21773957787
5504,,,,1868.0,3926.43648801279,2139.532136179686,356,1,94.551,49764.92428805458
5505,,,,1864.0,3930.43648801279,2143.532136179686,357,1,94.453,72801.08536207544
5506,,,,1856.0,3933.43648801279,2146.532136179686,358,1,94.373,59418.80626283898
5507,,,,1838.0,3936.43648801279,2149.532136179686,359,1,94.286,64610.04291110688
5508,,,,1837.0,3939.43648801279,2152.532136179686,360,1,94.195,67568.31251144569
5509,,,,1842.0,3942.43648801279,2155.532136179686,361,1,94.126,51228.607148266296
5510,,,,1831.0,3945.43648801279,2158.532136179686,362,1,94.058,50487.82536409192
5511,,,,1820.0,3948.43648801279,2161.532136179686,363,1,93.981,57169.423755255855
5512,,,,1814.0,3951.43648801279,2164.532136179686,364,1,93.903,57908.11206286766
5513,,,,1802.0,3954.43648801279,2167.532136179686,365,1,93.826,57161.90537428699
5514,,,,1799.0,3955.43648801279,2168.532136179686,366,1,93.799,20037.746818702006
5515,,,,1798.0,3956.43648801279,2169.532136179686,367,1,93.773,19295.034328175672
5516,,,,1797.0,3957.43648801279,2170.532136179686,368,1,93.749,17810.5537225239
5517,,,,1797.0,3958.43648801279,2171.532136179686,369,1,93.729,14842.395117990283
5522,,,,1769.0,3971.43648801279,2184.532136179686,5,2,93.712,12654.970454740245
5523,,,,1758.0,3974.43648801279,2187.532136179686,6,2,93.652,44679.9790884034
5524,,,,1749.0,3977.43648801279,2190.532136179686,7,2,93.599,39473.284870292766
5525,,,,1748.0,3980.43648801279,2193.532136179686,8,2,93.552,35012.30545089764
5526,,,,1741.0,3983.43648801279,2196.532136179686,9,2,93.511,30551.296770050816
5527,,,,1729.0,3986.43648801279,2199.532136179686,10,2,93.466,33541.7370848638
5528,,,,1723.0,3989.43648801279,2202.532136179686,11,2,93.415,38023.043896123076
5529,,,,1722.0,3992.43648801279,2205.532136179686,12,2,93.362,39521.8514258515
5530,,,,1715.0,3995.43648801279,2208.532136179686,13,2,93.311,38037.84589185823
5531,,,,1704.0,3998.43648801279,2211.532136179686,14,2,93.255,41774.44890207393
5532,,,,1695.0,4001.43648801279,2214.532136179686,15,2,93.196,44018.238242960026
5533,,,,1689.0,4004.43648801279,2217.532136179686,16,2,93.138,43277.434776322334
5534,,,,1692.0,4007.43648801279,2220.532136179686,17,2,93.086,38806.604332277086
5535,,,,1685.0,4010.43648801279,2223.532136179686,18,2,93.039,35082.79709257268
5536,,,,1673.0,4014.43648801279,2227.532136179686,19,2,92.969,52270.21115836533
5537,,,,1666.0,4017.43648801279,2230.532136179686,20,2,92.912,42565.61137420441
5538,,,,1663.0,4020.43648801279,2233.532136179686,21,2,92.863,36597.93283947316
5539,,,,1666.0,4023.43648801279,2236.532136179686,22,2,92.827,26896.029172528437
5540,,,,1682.0,4026.43648801279,2239.532136179686,23,2,92.779,35871.87699811825
5541,,,,1688.0,4029.43648801279,2242.532136179686,24,2,92.742,27659.168207620936
5546,,,,1719.0,4044.43648801279,2257.532136179686,29,2,92.707,26251.284579300038
5551,,,,1758.0,4060.43648801279,2273.532136179686,34,2,92.69,12797.47664065474
5552,,,,1761.0,4063.43648801279,2276.532136179686,35,2,92.676,10545.121552514536
5566,,,,1851.0,4106.43648801279,2319.532136179686,49,2,92.658,13699.121401249042
5567,,,,1853.0,4109.43648801279,2322.532136179686,50,2,92.614,33499.99474831031
5568,,,,1858.0,4112.43648801279,2325.532136179686,51,2,92.571,32747.146694408733
5569,,,,1866.0,4115.43648801279,2328.532136179686,52,2,92.538,25139.542984366413
5570,,,,1878.0,4118.43648801279,2331.532136179686,53,2,92.51,21339.036186539728
5571,,,,1883.0,4121.43648801279,2334.532136179686,54,2,92.48,22872.736077525446
5572,,,,1885.0,4124.43648801279,2337.532136179686,55,2,92.445,26694.899614110018
5573,,,,1892.0,4127.43648801279,2340.532136179686,56,2,92.399,35094.86602874496
5574,,,,1898.0,4130.43648801279,2343.532136179686,57,2,92.356,32814.10811374539
5575,,,,1898.0,4133.43648801279,2346.532136179686,58,2,92.311,34348.919216924056
5576,,,,1899.0,4137.43648801279,2350.532136179686,59,2,92.242,52686.76581588548
5577,,,,1901.0,4140.43648801279,2353.532136179686,60,2,92.181,46579.094824161126
5578,,,,1908.0,4143.43648801279,2356.532136179686,61,2,92.12,46582.008778806485
5579,,,,1913.0,4146.43648801279,2359.532136179686,62,2,92.06,45821.440341733476
5580,,,,1916.0,4149.43648801279,2362.532136179686,63,2,92.004,42770.665152854825
5581,,,,1919.0,4152.43648801279,2365.532136179686,64,2,91.945,45066.35583248336
5582,,,,1911.0,4155.43648801279,2368.532136179686,65,2,91.891,41251.61639934794
5583,,,,1897.0,4158.43648801279,2371.532136179686,66,2,91.833,44312.265948777684
5584,,,,1885.0,4161.43648801279,2374.532136179686,67,2,91.771,47371.49586659439
5585,,,,1872.0,4164.43648801279,2377.532136179686,68,2,91.708,48137.458470200036
5586,,,,1863.0,4167.43648801279,2380.532136179686,69,2,91.647,46611.339352829214
5587,,,,1857.0,4170.43648801279,2383.532136179686,70,2,91.591,42794.21670667616
5588,,,,1839.0,4173.43648801279,2386.532136179686,71,2,91.536,42034.789705711846
5589,,,,1830.0,4176.43648801279,2389.532136179686,72,2,91.469,51208.68688575386
5590,,,,1824.0,4180.43648801279,2393.532136179686,73,2,91.379,68794.60058640638
5591,,,,1828.0,4183.43648801279,2396.532136179686,74,2,91.321,44330.20308888163
5592,,,,1821.0,4186.43648801279,2399.532136179686,75,2,91.278,32870.88199980384
5593,,,,1817.0,4189.43648801279,2402.532136179686,76,2,91.238,30585.567601850475
5594,,,,1808.0,4192.43648801279,2405.532136179686,77,2,91.199,29829.36588698111
5595,,,,1791.0,4195.43648801279,2408.532136179686,78,2,91.153,35192.126785251065
5596,,,,1791.0,4198.43648801279,2411.532136179686,79,2,91.114,29844.22051106559
5597,,,,1790.0,4201.43648801279,2414.532136179686,80,2,91.087,20668.66009791608
5598,,,,1776.0,4204.43648801279,2417.532136179686,81,2,91.05,28333.987598840562
5599,,,,1767.0,4207.43648801279,2420.532136179686,82,2,90.999,39063.93986551974
5600,,,,1764.0,4210.43648801279,2423.532136179686,83,2,90.941,44430.71524847915
5601,,,,1760.0,4213.43648801279,2426.532136179686,84,2,90.893,36775.008497344636
5602,,,,1753.0,4216.43648801279,2429.532136179686,85,2,90.846,36015.67469206068
5603,,,,1745.0,4219.43648801279,2432.532136179686,86,2,90.798,36788.89542857396
5604,,,,1736.0,4223.43648801279,2436.532136179686,87,2,90.732,50600.90809415339
5605,,,,1728.0,4226.43648801279,2439.532136179686,88,2,90.682,38336.73745181543
5606,,,,1720.0,4229.43648801279,2442.532136179686,89,2,90.627,42175.91951128633
5607,,,,1715.0,4232.43648801279,2445.532136179686,90,2,90.572,42180.22925552295
5608,,,,1706.0,4235.43648801279,2448.532136179686,91,2,90.517,42184.50269978138
5609,,,,1701.0,4238.43648801279,2451.532136179686,92,2,90.46,43722.392656593816
5610,,,,1699.0,4241.43648801279,2454.532136179686,93,2,90.406,41425.10919940042
5611,,,,1689.0,4244.43648801279,2457.532136179686,94,2,90.353,40662.66504225411
5612,,,,1683.0,4247.43648801279,2460.532136179686,95,2,90.292,46803.9680269958
5613,,,,1686.0,4250.43648801279,2463.532136179686,96,2,90.246,35298.80392295621
5614,,,,1685.0,4253.43648801279,2466.532136179686,97,2,90.213,25329.839541280857
5615,,,,1673.0,4256.43648801279,2469.532136179686,98,2,90.172,31479.689131495223
5616,,,,1653.0,4259.43648801279,2472.532136179686,99,2,90.117,42236.124974297905
5617,,,,1645.0,4263.43648801279,2476.532136179686,100,2,90.023,72193.45220136503
5618,,,,1645.0,4266.43648801279,2479.532136179686,101,2,89.965,44538.62749505228
5619,,,,1634.0,4269.43648801279,2482.532136179686,102,2,89.908,43773.511916276155
5620,,,,1625.0,4272.43648801279,2485.532136179686,103,2,89.848,46079.765600355364
5621,,,,1622.0,4275.43648801279,2488.532136179686,104,2,89.792,43010.206999568574
5622,,,,1618.0,4278.43648801279,2491.532136179686,105,2,89.748,33798.621430541556
5623,,,,1607.0,4281.43648801279,2494.532136179686,106,2,89.712,27660.477316996956
5624,,,,1581.0,4284.43648801279,2497.532136179686,107,2,89.659,40730.69383643904
5625,,,,1563.0,4287.43648801279,2500.532136179686,108,2,89.586,56100.613390457
5626,,,,1566.0,4290.43648801279,2503.532136179686,109,2,89.524,47644.52492081235
5627,,,,1561.0,4293.43648801279,2506.532136179686,110,2,89.478,35352.55103845918
5628,,,,1557.0,4296.43648801279,2509.532136179686,111,2,89.434,33822.09797750478
5629,,,,1550.0,4299.43648801279,2512.532136179686,112,2,89.393,31523.06848251394
5630,,,,1541.0,4302.43648801279,2515.532136179686,113,2,89.35,33068.307422610305
5631,,,,1527.0,4306.43648801279,2519.532136179686,114,2,89.275,57692.791325337595
5632,,,,1524.0,4309.43648801279,2522.532136179686,115,2,89.213,47689.327392099556
5633,,,,1524.0,4312.43648801279,2525.532136179686,116,2,89.157,43075.7205965411
5634,,,,1525.0,4315.43648801279,2528.532136179686,117,2,89.108,37695.27299123854
5635,,,,1525.0,4318.43648801279,2531.532136179686,118,2,89.067,31546.934271327314
5636,,,,1513.0,4321.43648801279,2534.532136179686,119,2,89.026,31554.32112684368
5637,,,,1506.0,4324.43648801279,2537.532136179686,120,2,88.972,41566.0164836398
5638,,,,1505.0,4327.43648801279,2540.532136179686,121,2,88.918,41569.614550030776
5639,,,,1498.0,4330.43648801279,2543.532136179686,122,2,88.863,42342.81311015235
5640,,,,1493.0,4333.43648801279,2546.532136179686,123,2,88.802,46963.89961220481
5641,,,,1494.0,4336.43648801279,2549.532136179686,124,2,88.739,48503.4020426534
5642,,,,1493.0,4339.43648801279,2552.532136179686,125,2,88.677,47732.898765349346
5643,,,,1499.0,4342.43648801279,2555.532136179686,126,2,88.621,43114.69704930366
5644,,,,1495.0,4346.43648801279,2559.532136179686,127,2,88.548,56213.9278485607
5645,,,,1490.0,4349.43648801279,2562.532136179686,128,2,88.497,39272.34513403293
5646,,,,1474.0,4352.43648801279,2565.532136179686,129,2,88.438,45435.80265038411
5647,,,,1470.0,4355.43648801279,2568.532136179686,130,2,88.373,50055.79025733016
5648,,,,1474.0,4358.43648801279,2571.532136179686,131,2,88.316,43895.0037239397
5649,,,,1473.0,4361.43648801279,2574.532136179686,132,2,88.262,41587.22153773899
5650,,,,1473.0,4364.43648801279,2577.532136179686,133,2,88.211,39280.46521780462
5651,,,,1470.0,4367.43648801279,2580.532136179686,134,2,88.16,39284.74618219398
5652,,,,1463.0,4370.43648801279,2583.532136179686,135,2,88.111,37748.67929874075
5653,,,,1458.0,4373.43648801279,2586.532136179686,136,2,88.056,42375.03521811146
5654,,,,1458.0,4376.43648801279,2589.532136179686,137,2,87.998,44688.37066870941
5655,,,,1461.0,4379.43648801279,2592.532136179686,138,2,87.938,46230.032277302846
5656,,,,1460.0,4382.43648801279,2595.532136179686,139,2,87.882,43149.119066052874
5657,,,,1458.0,4385.43648801279,2598.532136179686,140,2,87.828,41610.51244667285
5658,,,,1456.0,4389.43648801279,2602.532136179686,141,2,87.749,60884.04313021586
5659,,,,1460.0,4392.43648801279,2605.532136179686,142,2,87.692,43924.96664392841
5660,,,,1458.0,4395.43648801279,2608.532136179686,143,2,87.646,35451.60397501262
5661,,,,1447.0,4398.43648801279,2611.532136179686,144,2,87.598,36998.38098745644
5662,,,,1441.0,4401.43648801279,2614.532136179686,145,2,87.558,30837.520379768594
5663,,,,1436.0,4404.43648801279,2617.532136179686,146,2,87.509,37782.502649704904
5664,,,,1435.0,4407.43648801279,2620.532136179686,147,2,87.457,40099.87969321075
5665,,,,1432.0,4410.43648801279,2623.532136179686,148,2,87.409,37019.298571806976
5666,,,,1434.0,4413.43648801279,2626.532136179686,149,2,87.359,38566.37340685973
5667,,,,1429.0,4416.43648801279,2629.532136179686,150,2,87.306,40884.03459647185
5668,,,,1423.0,4419.43648801279,2632.532136179686,151,2,87.242,49369.84320701257
5669,,,,1424.0,4422.43648801279,2635.532136179686,152,2,87.173,53222.40894391781
5670,,,,1430.0,4425.43648801279,2638.532136179686,153,2,87.113,46277.497424989575
5671,,,,1435.0,4428.43648801279,2641.532136179686,154,2,87.063,38566.36768680359
5672,,,,1435.0,4432.43648801279,2645.532136179686,155,2,87.009,41664.40655443515
5673,,,,1434.0,4435.43648801279,2648.532136179686,156,2,86.965,33952.62761288126
5674,,,,1433.0,4438.43648801279,2651.532136179686,157,2,86.916,37816.22897364053
5675,,,,1427.0,4441.43648801279,2654.532136179686,158,2,86.861,42450.072971751215
5676,,,,1415.0,4444.43648801279,2657.532136179686,159,2,86.8,47081.34238163757
5677,,,,1411.0,4447.43648801279,2660.532136179686,160,2,86.734,50937.57527171548
5678,,,,1408.0,4450.43648801279,2663.532136179686,161,2,86.674,46304.477430790095
5679,,,,1402.0,4453.43648801279,2666.532136179686,162,2,86.62,41674.70642870075
5680,,,,1393.0,4456.43648801279,2669.532136179686,163,2,86.558,47848.91900350505
5681,,,,1393.0,4459.43648801279,2672.532136179686,164,2,86.494,49389.72179991524
5682,,,,1393.0,4462.43648801279,2675.532136179686,165,2,86.435,45529.39608669633
5683,,,,1391.0,4465.43648801279,2678.532136179686,166,2,86.377,44757.49860126039
5684,,,,1388.0,4468.43648801279,2681.532136179686,167,2,86.319,44757.50424855807
5685,,,,1386.0,4472.43648801279,2685.532136179686,168,2,86.24,60968.974266870886
5686,,,,1381.0,4475.43648801279,2688.532136179686,169,2,86.179,47070.66731342178
5687,,,,1378.0,4478.43648801279,2691.532136179686,170,2,86.12,45526.177578436895
5688,,,,1372.0,4481.43648801279,2694.532136179686,171,2,86.06,46296.82407036428
5689,,,,1371.0,4484.43648801279,2697.532136179686,172,2,86.007,40896.04725869142
5690,,,,1367.0,4487.43648801279,2700.532136179686,173,2,85.955,40126.76477429125
5691,,,,1361.0,4490.43648801279,2703.532136179686,174,2,85.89,50157.838788364505
5692,,,,1365.0,4493.43648801279,2706.532136179686,175,2,85.807,64035.293868632325
5693,,,,1372.0,4496.43648801279,2709.532136179686,176,2,85.754,40884.896436955896
5694,,,,1371.0,4499.43648801279,2712.532136179686,177,2,85.696,44742.84638045333
5695,,,,1366.0,4502.43648801279,2715.532136179686,178,2,85.687,6944.7696536261265
5700,,,,1384.0,4518.43648801279,2731.532136179686,183,2,85.644,33288.37440288586
5701,,,,1383.0,4521.43648801279,2734.532136179686,184,2,85.633,8518.598850938692
5708,,,,1396.0,4542.43648801279,2755.532136179686,191,2,85.592,31888.92619405711
5709,,,,1390.0,4545.43648801279,2758.532136179686,192,2,85.543,38116.28039542145
5710,,,,1394.0,4548.43648801279,2761.532136179686,193,2,85.526,13227.64018666149
5731,,,,1387.0,4613.43648801279,2826.532136179686,214,2,85.49,28402.972359624902
5732,,,,1388.0,4616.43648801279,2829.532136179686,215,2,85.432,45764.93232943334
5733,,,,1382.0,4619.43648801279,2832.532136179686,216,2,85.379,41819.67999555734
5734,,,,1375.0,4622.43648801279,2835.532136179686,217,2,85.328,40243.19554352069
5735,,,,1380.0,4625.43648801279,2838.532136179686,218,2,85.28,37878.55048065197
5736,,,,1383.0,4628.43648801279,2841.532136179686,219,2,85.231,38670.76736637509
5737,,,,1385.0,4631.43648801279,2844.532136179686,220,2,85.188,33939.245318571826
5738,,,,1386.0,4634.43648801279,2847.532136179686,221,2,85.142,36311.644082153165
5739,,,,1390.0,4637.43648801279,2850.532136179686,222,2,85.096,36315.523990924674
5740,,,,1391.0,4641.43648801279,2854.532136179686,223,2,85.022,58429.8000426127
5741,,,,1388.0,4644.43648801279,2857.532136179686,224,2,84.962,47368.79351870376
5742,,,,1394.0,4647.43648801279,2860.532136179686,225,2,84.897,51311.57943712689
5743,,,,1405.0,4650.43648801279,2863.532136179686,226,2,84.832,51305.405753814404
5744,,,,1409.0,4653.43648801279,2866.532136179686,227,2,84.799,26049.113801626987
5747,,,,1421.0,4662.43648801279,2875.532136179686,230,2,84.776,18184.55135146786
5748,,,,1426.0,4665.43648801279,2878.532136179686,231,2,84.717,46654.770773100376
5749,,,,1432.0,4668.43648801279,2881.532136179686,232,2,84.682,27678.996542148052
5750,,,,1435.0,4671.43648801279,2884.532136179686,233,2,84.671,8702.339619095312
5754,,,,1449.0,4684.43648801279,2897.532136179686,237,2,84.647,19035.826014657112
5755,,,,1448.0,4687.43648801279,2900.532136179686,238,2,84.607,31734.69501368963
5756,,,,1437.0,4690.43648801279,2903.532136179686,239,2,84.557,39672.64990290752
5757,,,,1442.0,4693.43648801279,2906.532136179686,240,2,84.501,44433.92720426404
5758,,,,1441.0,4696.43648801279,2909.532136179686,241,2,84.452,38880.37466400725
5759,,,,1432.0,4699.43648801279,2912.532136179686,242,2,84.422,23808.379124301056
5760,,,,1435.0,4702.43648801279,2915.532136179686,243,2,84.408,11114.77293179345
5761,,,,1438.0,4705.43648801279,2918.532136179686,244,2,84.39,14296.828829465034
5762,,,,1442.0,4708.43648801279,2921.532136179686,245,2,84.374,12713.833207412092
5763,,,,1446.0,4711.43648801279,2924.532136179686,246,2,84.359,11924.62219397838
5764,,,,1452.0,4714.43648801279,2927.532136179686,247,2,84.342,13520.61254938892
5770,,,,1479.0,4733.43648801279,2946.532136179686,253,2,84.317,19958.416615798265
5771,,,,1467.0,4736.43648801279,2949.532136179686,254,2,84.288,23159.01934777759
5772,,,,1459.0,4739.43648801279,2952.532136179686,255,2,84.253,27957.627779413
5773,,,,1451.0,4742.43648801279,2955.532136179686,256,2,84.216,29561.28070986889
5774,,,,1452.0,4745.43648801279,2958.532136179686,257,2,84.176,31963.741643571626
5775,,,,1448.0,4748.43648801279,2961.532136179686,258,2,84.148,22379.723055436047
5776,,,,1441.0,4751.43648801279,2964.532136179686,259,2,84.12,22386.412019011485
5777,,,,1443.0,4754.43648801279,2967.532136179686,260,2,84.087,26391.07344519352
5778,,,,1445.0,4757.43648801279,2970.532136179686,261,2,84.057,23998.032025213586
5779,,,,1450.0,4760.43648801279,2973.532136179686,262,2,84.035,17604.208383151465
5780,,,,1449.0,4764.43648801279,2977.532136179686,263,2,84.014,16813.834534855923
5781,,,,1451.0,4767.43648801279,2980.532136179686,264,2,83.999,12014.869599907846
5782,,,,1460.0,4770.43648801279,2983.532136179686,265,2,83.993,4808.370998965649
5795,,,,1596.0,4810.43648801279,3023.532136179686,278,2,83.989,3232.2669685099245
5796,,,,1609.0,4813.43648801279,3026.532136179686,279,2,83.972,13743.983301381155
5801,,,,1666.0,4828.43648801279,3041.532136179686,284,2,83.937,28375.827979298116
5802,,,,1678.0,4831.43648801279,3044.532136179686,285,2,83.931,4866.26148221857
5806,,,,1716.0,4843.43648801279,3056.532136179686,289,2,83.896,28450.079541577514
5807,,,,1715.0,4846.43648801279,3059.532136179686,290,2,83.867,23578.529011613242
5828,,,,1926.0,4911.43648801279,3124.532136179686,311,2,83.852,12356.118244995725
5834,,,,1983.0,4929.43648801279,3142.532136179686,317,2,83.839,10746.087743451908
5839,,,,2038.0,4945.43648801279,3158.532136179686,322,2,83.789,41449.68138062804
5840,,,,2048.0,4948.43648801279,3161.532136179686,323,2,83.742,38963.77612384127
5841,,,,2055.0,4951.43648801279,3164.532136179686,324,2,83.722,16583.74720057996
5856,,,,2195.0,4997.43648801279,3210.532136179686,339,2,83.71,10040.769432731868
5857,,,,2200.0,5000.43648801279,3213.532136179686,340,2,83.688,18415.387478840796
5863,,,,2247.0,5019.43648801279,3232.532136179686,346,2,83.641,39475.172540824045
5864,,,,2241.0,5022.43648801279,3235.532136179686,347,2,83.574,56268.39006199104
5865,,,,2237.0,5025.43648801279,3238.532136179686,348,2,83.496,65488.774576081625
5866,,,,2241.0,5028.43648801279,3241.532136179686,349,2,83.426,58754.967281639234
5867,,,,2241.0,5031.43648801279,3244.532136179686,350,2,83.367,49513.29478255982
5868,,,,2233.0,5034.43648801279,3247.532136179686,351,2,83.315,43635.79702014291
5869,,,,2220.0,5037.43648801279,3250.532136179686,352,2,83.264,42795.687769572425
5870,,,,2195.0,5040.43648801279,3253.532136179686,353,2,83.199,54538.001641762836
5871,,,,2174.0,5043.43648801279,3256.532136179686,354,2,83.12,66266.7257467287
5872,,,,2156.0,5046.43648801279,3259.532136179686,355,2,83.039,67919.37807335166
5873,,,,2143.0,5049.43648801279,3262.532136179686,356,2,82.954,71244.54443115676
5874,,,,2146.0,5052.43648801279,3265.532136179686,357,2,82.873,67864.26122530412
5875,,,,2147.0,5055.43648801279,3268.532136179686,358,2,82.805,56955.07323934504
5876,,,,2146.0,5059.43648801279,3272.532136179686,359,2,82.74,54441.68687153502
5877,,,,2140.0,5062.43648801279,3275.532136179686,360,2,82.704,30151.790723621507
5878,,,,2128.0,5065.43648801279,3278.532136179686,361,2,82.662,35181.340751611795
5879,,,,2118.0,5068.43648801279,3281.532136179686,362,2,82.61,43558.87303284181
5880,,,,2115.0,5071.43648801279,3284.532136179686,363,2,82.552,48581.29840751767
5881,,,,2114.0,5074.43648801279,3287.532136179686,364,2,82.492,50250.31774365688
5882,,,,2107.0,5077.43648801279,3290.532136179686,365,2,82.431,51080.54953267043
5883,,,,2102.0,5080.43648801279,3293.532136179686,366,2,82.358,61115.60353488357
5884,,,,2116.0,5083.43648801279,3296.532136179686,367,2,82.308,41853.45763675332
5885,,,,2119.0,5086.43648801279,3299.532136179686,368,2,82.277,25951.685630772085
5886,,,,2108.0,5089.43648801279,3302.532136179686,369,2,82.23,39350.652631672965
5887,,,,2106.0,5092.43648801279,3305.532136179686,370,2,82.184,38514.32122605162
5888,,,,2096.0,5095.43648801279,3308.532136179686,371,2,82.131,44374.60226597226
5889,,,,2089.0,5098.43648801279,3311.532136179686,372,2,82.073,48556.65257450962
5890,,,,2073.0,5102.43648801279,3315.532136179686,373,2,81.993,66970.90758738307
5891,,,,2059.0,5105.43648801279,3318.532136179686,374,2,81.922,59416.89115721405
5892,,,,2056.0,5108.43648801279,3321.532136179686,375,2,81.854,56891.47200973141
5893,,,,2053.0,5111.43648801279,3324.532136179686,376,2,81.795,49352.40671977941
5894,,,,2041.0,5114.43648801279,3327.532136179686,377,2,81.737,48509.69360995283
5895,,,,2024.0,5117.43648801279,3330.532136179686,378,2,81.669,56862.94821969301
5896,,,,2017.0,5120.43648801279,3333.532136179686,379,2,81.599,58520.23971673535
5897,,,,2007.0,5123.43648801279,3336.532136179686,380,2,81.532,55998.01828764904
5898,,,,1995.0,5126.43648801279,3339.532136179686,381,2,81.463,57655.26256009366
5899,,,,1985.0,5129.43648801279,3342.532136179686,382,2,81.393,58475.16560842106
5900,,,,1976.0,5132.43648801279,3345.532136179686,383,2,81.325,56789.50643103782
5901,,,,1961.0,5135.43648801279,3348.532136179686,384,2,81.259,55106.0271938288
5902,,,,1958.0,5138.43648801279,3351.532136179686,385,2,81.187,60099.72866868652
5903,,,,1953.0,5141.43648801279,3354.532136179686,386,2,81.127,50071.627326920374
5904,,,,1950.0,5145.43648801279,3358.532136179686,387,2,81.063,53410.454015404954
5905,,,,1939.0,5148.43648801279,3361.532136179686,388,2,81.011,43390.24015863121
5906,,,,1928.0,5151.43648801279,3364.532136179686,389,2,80.955,46724.023484176665
5907,,,,1914.0,5154.43648801279,3367.532136179686,390,2,80.895,50054.7327350941
5908,,,,1907.0,5157.43648801279,3370.532136179686,391,2,80.834,50880.52979195307
5909,,,,1903.0,5160.43648801279,3373.532136179686,392,2,80.783,42534.72745804293
5910,,,,1895.0,5163.43648801279,3376.532136179686,393,2,80.729,45033.675518805474
5911,,,,1887.0,5166.43648801279,3379.532136179686,394,2,80.684,37526.8505777838
5912,,,,1866.0,5169.43648801279,3382.532136179686,395,2,80.639,37527.705115007346
5913,,,,1844.0,5172.43648801279,3385.532136179686,396,2,80.582,47532.60683293467
5914,,,,1843.0,5175.43648801279,3388.532136179686,397,2,80.516,55027.6628448186
5915,,,,1844.0,5178.43648801279,3391.532136179686,398,2,80.455,50848.26409463219
5916,,,,1845.0,5181.43648801279,3394.532136179686,399,2,80.395,50006.04354581333
5917,,,,1847.0,5185.43648801279,3398.532136179686,400,2,80.323,60004.294666593916
5918,,,,1849.0,5188.43648801279,3401.532136179686,401,2,80.273,41662.10731144273
5919,,,,1854.0,5191.43648801279,3404.532136179686,402,2,80.223,41660.23952900266
5920,,,,1858.0,5194.43648801279,3407.532136179686,403,2,80.181,34994.752397775876
5921,,,,1860.0,5197.43648801279,3410.532136179686,404,2,80.142,32497.475792640533
5922,,,,1855.0,5200.43648801279,3413.532136179686,405,2,80.1,34999.79043591143
5923,,,,1858.0,5203.43648801279,3416.532136179686,406,2,80.05,41666.51767776004
5924,,,,1858.0,5206.43648801279,3419.532136179686,407,2,79.999,42497.532626969514
5925,,,,1857.0,5209.43648801279,3422.532136179686,408,2,79.94,49158.33168491829
5926,,,,1863.0,5212.43648801279,3425.532136179686,409,2,79.887,44153.6685881876
5927,,,,1866.0,5215.43648801279,3428.532136179686,410,2,79.834,44149.78075899794
5928,,,,1864.0,5218.43648801279,3431.532136179686,411,2,79.776,48309.04957540562
5929,,,,1863.0,5221.43648801279,3434.532136179686,412,2,79.712,53296.41360640589
5930,,,,1873.0,5224.43648801279,3437.532136179686,413,2,79.643,57445.26528176437
5931,,,,1881.0,5228.43648801279,3441.532136179686,414,2,79.567,63263.87236750157
5932,,,,1882.0,5231.43648801279,3444.532136179686,415,2,79.513,44939.713491695904
5933,,,,1878.0,5234.43648801279,3447.532136179686,416,2,79.454,49094.05724621556
5934,,,,1872.0,5237.43648801279,3450.532136179686,417,2,79.388,54907.042517499474
5935,,,,1870.0,5240.43648801279,3453.532136179686,418,2,79.323,54061.469504194785
5936,,,,1861.0,5243.43648801279,3456.532136179686,419,2,79.26,52385.7529804377
5937,,,,1857.0,5246.43648801279,3459.532136179686,420,2,79.195,54036.06609103425
5938,,,,1855.0,5249.43648801279,3462.532136179686,421,2,79.136,49037.763186427546
5939,,,,1856.0,5252.43648801279,3465.532136179686,422,2,79.086,41552.55030031562
5940,,,,1846.0,5255.43648801279,3468.532136179686,423,2,79.038,39888.51068306716
5941,,,,1848.0,5258.43648801279,3471.532136179686,424,2,78.99,39887.049663730395
5942,,,,1842.0,5261.43648801279,3474.532136179686,425,2,78.948,34901.191753839405
5943,,,,1835.0,5264.43648801279,3477.532136179686,426,2,78.903,37394.84538310842
5944,,,,1829.0,5268.43648801279,3481.532136179686,427,2,78.848,45710.56184313347
5945,,,,1818.0,5271.43648801279,3484.532136179686,428,2,78.802,38227.930267413525
5946,,,,1805.0,5274.43648801279,3487.532136179686,429,2,78.747,45704.02068375165
5947,,,,1802.0,5277.43648801279,3490.532136179686,430,2,78.696,42375.667082093685
5948,,,,1795.0,5280.43648801279,3493.532136179686,431,2,78.651,37388.73780357209
5949,,,,1789.0,5283.43648801279,3496.532136179686,432,2,78.598,44033.20052808446
5950,,,,1785.0,5286.43648801279,3499.532136179686,433,2,78.542,46519.79526467229
5951,,,,1780.0,5289.43648801279,3502.532136179686,434,2,78.479,52324.81422741013
5952,,,,1779.0,5292.43648801279,3505.532136179686,435,2,78.419,49822.36200577573
5953,,,,1774.0,5295.43648801279,3508.532136179686,436,2,78.368,42343.03563295073
5954,,,,1764.0,5298.43648801279,3511.532136179686,437,2,78.321,39019.715598898634
5955,,,,1748.0,5301.43648801279,3514.532136179686,438,2,78.267,44827.632186388815
5956,,,,1735.0,5304.43648801279,3517.532136179686,439,2,78.212,45651.8104464203
5957,,,,1734.0,5306.43648801279,3519.532136179686,440,2,78.182,24896.844843189112
5958,,,,1733.0,5307.43648801279,3520.532136179686,441,2,78.168,11617.447728607705
5959,,,,1732.0,5308.43648801279,3521.532136179686,442,2,78.157,9128.2546738828
5960,,,,1730.0,5309.43648801279,3522.532136179686,443,2,78.145,9958.506503392877
5969,,,,1684.0,5334.43648801279,3547.532136179686,9,3,78.123,18339.237864386014
5970,,,,1681.0,5337.43648801279,3550.532136179686,10,3,78.07,44184.5215207352
5971,,,,1674.0,5340.43648801279,3553.532136179686,11,3,78.02,41679.43657069345
5972,,,,1657.0,5343.43648801279,3556.532136179686,12,3,77.96,50008.15340401599
5973,,,,1643.0,5346.43648801279,3559.532136179686,13,3,77.891,57494.075643426746
5974,,,,1643.0,5349.43648801279,3562.532136179686,14,3,77.819,59973.17439949222
5975,,,,1635.0,5353.43648801279,3566.532136179686,15,3,77.74,65789.24290447017
5976,,,,1625.0,5356.43648801279,3569.532136179686,16,3,77.675,54110.58749099111
5977,,,,1616.0,5359.43648801279,3572.532136179686,17,3,77.604,59086.76362797009
5978,,,,1605.0,5362.43648801279,3575.532136179686,18,3,77.531,60728.8156734485
5979,,,,1597.0,5365.43648801279,3578.532136179686,19,3,77.454,64030.28740529929
5980,,,,1594.0,5368.43648801279,3581.532136179686,20,3,77.38,61510.02064368634
5981,,,,1590.0,5371.43648801279,3584.532136179686,21,3,77.311,57332.98884192623
5982,,,,1583.0,5374.43648801279,3587.532136179686,22,3,77.25,50671.37495945429
5983,,,,1570.0,5377.43648801279,3590.532136179686,23,3,77.182,56470.482476740006
5984,,,,1568.0,5380.43648801279,3593.532136179686,24,3,77.114,56452.22832809886
5985,,,,1562.0,5383.43648801279,3596.532136179686,25,3,77.054,49797.21818903923
5986,,,,1557.0,5386.43648801279,3599.532136179686,26,3,76.996,48127.271376751225
5987,,,,1550.0,5389.43648801279,3602.532136179686,27,3,76.94,46459.18453224709
5988,,,,1535.0,5392.43648801279,3605.532136179686,28,3,76.882,48109.57119662196
5989,,,,1523.0,5396.43648801279,3609.532136179686,29,3,76.794,72978.6440884098
5990,,,,1510.0,5399.43648801279,3612.532136179686,30,3,76.724,58023.74835366667
5991,,,,1499.0,5402.43648801279,3615.532136179686,31,3,76.655,57174.80112055121
5992,,,,1493.0,5405.43648801279,3618.532136179686,32,3,76.588,55499.135350086464
5993,,,,1485.0,5408.43648801279,3621.532136179686,33,3,76.524,52998.17776336147
5994,,,,1480.0,5411.43648801279,3624.532136179686,34,3,76.459,53810.75623596606
5995,,,,1472.0,5414.43648801279,3627.532136179686,35,3,76.4,48831.075480145606
5996,,,,1459.0,5417.43648801279,3630.532136179686,36,3,76.339,50474.683736303545
5997,,,,1448.0,5420.43648801279,3633.532136179686,37,3,76.277,51289.210773380735
5998,,,,1442.0,5423.43648801279,3636.532136179686,38,3,76.212,53755.93643033597
5999,,,,1435.0,5426.43648801279,3639.532136179686,39,3,76.153,48781.14073426599
6000,,,,1433.0,5429.43648801279,3642.532136179686,40,3,76.085,56206.525540232156
6001,,,,1432.0,5432.43648801279,3645.532136179686,41,3,76.025,49579.67485148766
6002,,,,1433.0,5435.43648801279,3648.532136179686,42,3,75.966,48742.10820773324
6003,,,,1438.0,5439.43648801279,3652.532136179686,43,3,75.887,65253.58517211693
6004,,,,1448.0,5442.43648801279,3655.532136179686,44,3,75.832,45414.65618387031
6009,,,,1456.0,5457.43648801279,3670.532136179686,49,3,75.808,19861.576057003218
6010,,,,1460.0,5460.43648801279,3673.532136179686,50,3,75.769,32279.386680198295
6015,,,,1488.0,5475.43648801279,3688.532136179686,55,3,75.763,4978.223051409514
6020,,,,1498.0,5491.43648801279,3704.532136179686,60,3,75.72,35769.94876109188
6021,,,,1503.0,5494.43648801279,3707.532136179686,61,3,75.677,35769.17164194739
6022,,,,1504.0,5497.43648801279,3710.532136179686,62,3,75.637,33273.56418989189
6023,,,,1508.0,5500.43648801279,3713.532136179686,63,3,75.603,28284.124491204857
6043,,,,1604.0,5562.43648801279,3775.532136179686,83,3,75.556,39518.1798432992
6044,,,,1610.0,5565.43648801279,3778.532136179686,84,3,75.536,16817.858596933223
6049,,,,1634.0,5580.43648801279,3793.532136179686,89,3,75.526,8429.918967526193
6050,,,,1643.0,5583.43648801279,3796.532136179686,90,3,75.49,30354.776808255767
6051,,,,1643.0,5586.43648801279,3799.532136179686,91,3,75.488,1686.8580161704585
6056,,,,1668.0,5601.43648801279,3814.532136179686,96,3,75.461,22829.343383585016
6060,,,,1686.0,5614.43648801279,3827.532136179686,100,3,75.459,1694.6615095378309
6061,,,,1692.0,5617.43648801279,3830.532136179686,101,3,75.415,37291.104958464835
6062,,,,1689.0,5620.43648801279,3833.532136179686,102,3,75.373,35594.7638404892
6063,,,,1698.0,5623.43648801279,3836.532136179686,103,3,75.355,15256.968029374031
6068,,,,1718.0,5638.43648801279,3851.532136179686,108,3,75.316,33132.405699330884
6069,,,,1720.0,5641.43648801279,3854.532136179686,109,3,75.274,35680.844670654886
6070,,,,1724.0,5644.43648801279,3857.532136179686,110,3,75.226,40775.40918940594
6071,,,,1719.0,5648.43648801279,3861.532136179686,111,3,75.158,57761.544151303606
6072,,,,1712.0,5651.43648801279,3864.532136179686,112,3,75.093,55193.708944424696
6073,,,,1712.0,5654.43648801279,3867.532136179686,113,3,75.026,56872.16952665364
6074,,,,1713.0,5657.43648801279,3870.532136179686,114,3,74.957,58547.831477934145
6075,,,,1708.0,5660.43648801279,3873.532136179686,115,3,74.893,54285.850094631875
6076,,,,1694.0,5663.43648801279,3876.532136179686,116,3,74.825,57658.45011963449
6077,,,,1692.0,5666.43648801279,3879.532136179686,117,3,74.745,67802.3124409644
6078,,,,1689.0,5669.43648801279,3882.532136179686,118,3,74.678,56758.661959344616
6079,,,,1686.0,5672.43648801279,3885.532136179686,119,3,74.614,54198.360842771974
6080,,,,1673.0,5675.43648801279,3888.532136179686,120,3,74.549,55026.733635992445
6081,,,,1674.0,5678.43648801279,3891.532136179686,121,3,74.477,60928.89667650908
6082,,,,1672.0,5681.43648801279,3894.532136179686,122,3,74.408,58365.76633472932
6083,,,,1655.0,5684.43648801279,3897.532136179686,123,3,74.348,50735.642052651754
6084,,,,1642.0,5688.43648801279,3901.532136179686,124,3,74.249,83683.17508411758
6085,,,,1629.0,5691.43648801279,3904.532136179686,125,3,74.17,66732.66765702977
6086,,,,1620.0,5694.43648801279,3907.532136179686,126,3,74.093,65009.11625071096
6087,,,,1609.0,5697.43648801279,3910.532136179686,127,3,74.025,57384.71704573871
6088,,,,1596.0,5700.43648801279,3913.532136179686,128,3,73.954,59891.687265245026
6089,,,,1585.0,5703.43648801279,3916.532136179686,129,3,73.884,59022.92504603268
6090,,,,1576.0,5706.43648801279,3919.532136179686,130,3,73.816,57313.16551100343
6091,,,,1563.0,5709.43648801279,3922.532136179686,131,3,73.749,56448.37068869782
6092,,,,1537.0,5712.43648801279,3925.532136179686,132,3,73.673,64002.54970711688
6093,,,,1521.0,5715.43648801279,3928.532136179686,133,3,73.577,80793.41019455185
6094,,,,1511.0,5718.43648801279,3931.532136179686,134,3,73.485,77368.75302561154
6095,,,,1522.0,5721.43648801279,3934.532136179686,135,3,73.408,64713.8006925905
6096,,,,1519.0,5724.43648801279,3937.532136179686,136,3,73.345,52924.92835929849
6097,,,,1512.0,5727.43648801279,3940.532136179686,137,3,73.278,56264.85265218143
6098,,,,1516.0,5731.43648801279,3944.532136179686,138,3,73.178,83940.32622884728
6099,,,,1513.0,5734.43648801279,3947.532136179686,139,3,73.111,56205.293619452685
6100,,,,1511.0,5737.43648801279,3950.532136179686,140,3,73.042,57859.505297246986
6101,,,,1513.0,5740.43648801279,3953.532136179686,141,3,72.984,48618.67275872204
6102,,,,1509.0,5743.43648801279,3956.532136179686,142,3,72.924,50280.7998655682
6103,,,,1502.0,5746.43648801279,3959.532136179686,143,3,72.859,54452.628784587956
6104,,,,1501.0,5749.43648801279,3962.532136179686,144,3,72.79,57780.57757792795
6105,,,,1512.0,5752.43648801279,3965.532136179686,145,3,72.729,51062.41712325302
6106,,,,1529.0,5755.43648801279,3968.532136179686,146,3,72.676,44354.0698545912
6107,,,,1540.0,5758.43648801279,3971.532136179686,147,3,72.626,41835.61692905934
6108,,,,1548.0,5761.43648801279,3974.532136179686,148,3,72.622,3347.3485080476175
6114,,,,1592.0,5780.43648801279,3993.532136179686,154,3,72.562,50353.61346454084
6115,,,,1603.0,5783.43648801279,3996.532136179686,155,3,72.514,40273.81593287881
6121,,,,1641.0,5801.43648801279,4014.532136179686,161,3,72.486,23553.83214132485
6125,,,,1664.0,5814.43648801279,4027.532136179686,165,3,72.462,20226.982561548237
6139,,,,1772.0,5857.43648801279,4070.532136179686,179,3,72.407,46670.853162011656
6140,,,,1791.0,5860.43648801279,4073.532136179686,180,3,72.374,27999.83522064339
6141,,,,1794.0,5863.43648801279,4076.532136179686,181,3,72.37,3394.789004075781
6146,,,,1854.0,5878.43648801279,4091.532136179686,186,3,72.352,15313.303537527947
6151,,,,1917.0,5893.43648801279,4106.532136179686,191,3,72.331,17906.281499298922
6152,,,,1923.0,5896.43648801279,4109.532136179686,192,3,72.304,23026.439468981578
6157,,,,1979.0,5912.43648801279,4125.532136179686,197,3,72.303,854.9797032261479
6158,,,,1994.0,5915.43648801279,4128.532136179686,198,3,72.258,38481.363636464215
6159,,,,2002.0,5918.43648801279,4131.532136179686,199,3,72.245,11118.013761747377
6164,,,,2055.0,5933.43648801279,4146.532136179686,204,3,72.236,7715.419535021476
6165,,,,2066.0,5936.43648801279,4149.532136179686,205,3,72.195,35153.623794416635
6166,,,,2077.0,5940.43648801279,4153.532136179686,206,3,72.189,5146.223891311626
6172,,,,2134.0,5958.43648801279,4171.532136179686,212,3,72.177,10322.347704329619
6173,,,,2142.0,5961.43648801279,4174.532136179686,213,3,72.149,24090.927911935138
6179,,,,2207.0,5980.43648801279,4193.532136179686,219,3,72.119,25883.568337579854
6186,,,,2269.0,6001.43648801279,4214.532136179686,226,3,72.09,25098.373480492108
6187,,,,2277.0,6004.43648801279,4217.532136179686,227,3,72.082,6925.372938806703
6193,,,,2327.0,6023.43648801279,4236.532136179686,233,3,72.037,39064.12394470533
6194,,,,2329.0,6026.43648801279,4239.532136179686,234,3,71.987,43397.574437487565
6195,,,,2340.0,6029.43648801279,4242.532136179686,235,3,71.934,45991.414025935934
6196,,,,2343.0,6032.43648801279,4245.532136179686,236,3,71.881,45980.40723674628
6197,,,,2350.0,6035.43648801279,4248.532136179686,237,3,71.825,48570.392412994224
6198,,,,2362.0,6038.43648801279,4251.532136179686,238,3,71.768,49423.40100552544
6199,,,,2370.0,6041.43648801279,4254.532136179686,239,3,71.718,43343.07779594769
6200,,,,2375.0,6044.43648801279,4257.532136179686,240,3,71.662,48532.473004469066
6201,,,,2384.0,6047.43648801279,4260.532136179686,241,3,71.608,46786.47618443176
6202,,,,2388.0,6050.43648801279,4263.532136179686,242,3,71.553,47640.25959332785
6203,,,,2383.0,6053.43648801279,4266.532136179686,243,3,71.496,49358.468061905136
6204,,,,2382.0,6056.43648801279,4269.532136179686,244,3,71.43,57131.06793804712
6205,,,,2385.0,6059.43648801279,4272.532136179686,245,3,71.366,55376.850735511754
6206,,,,2377.0,6062.43648801279,4275.532136179686,246,3,71.306,51896.39631706761
6207,,,,2336.0,6066.43648801279,4279.532136179686,247,3,71.208,84726.10870595927
6208,,,,2321.0,6069.43648801279,4282.532136179686,248,3,71.122,74292.20899914071
6209,,,,2319.0,6072.43648801279,4285.532136179686,249,3,71.05,62159.79170691266
6210,,,,2313.0,6075.43648801279,4288.532136179686,250,3,70.972,67301.95999024564
6211,,,,2325.0,6078.43648801279,4291.532136179686,251,3,70.907,56056.16188137786
6212,,,,2330.0,6081.43648801279,4294.532136179686,252,3,70.857,43106.4381143298
6213,,,,2334.0,6084.43648801279,4297.532136179686,253,3,70.807,43097.280531889744
6214,,,,2325.0,6087.43648801279,4300.532136179686,254,3,70.753,46533.82549912865
6215,,,,2297.0,6090.43648801279,4303.532136179686,255,3,70.681,62020.42518568561
6216,,,,2287.0,6093.43648801279,4306.532136179686,256,3,70.608,62848.29500069747
6217,,,,2292.0,6096.43648801279,4309.532136179686,257,3,70.547,52493.09204039823
6218,,,,2296.0,6099.43648801279,4312.532136179686,258,3,70.493,46454.28420254525
6219,,,,2296.0,6102.43648801279,4315.532136179686,259,3,70.453,34404.56052957118
6220,,,,2282.0,6105.43648801279,4318.532136179686,260,3,70.406,40420.26687845216
6221,,,,2265.0,6109.43648801279,4322.532136179686,261,3,70.323,71361.31566429965
6222,,,,2254.0,6112.43648801279,4325.532136179686,262,3,70.244,67877.34192502344
6223,,,,2250.0,6115.43648801279,4328.532136179686,263,3,70.172,61826.76935286022
6224,,,,2240.0,6118.43648801279,4331.532136179686,264,3,70.108,54930.83331445373
6225,,,,2221.0,6121.43648801279,4334.532136179686,265,3,70.037,60910.098879489466
6226,,,,2218.0,6124.43648801279,4337.532136179686,266,3,69.96,66020.01059595977
6227,,,,2205.0,6127.43648801279,4340.532136179686,267,3,69.889,60841.02644425738
6228,,,,2192.0,6130.43648801279,4343.532136179686,268,3,69.813,65089.00210686992
6229,,,,2183.0,6133.43648801279,4346.532136179686,269,3,69.741,61628.08288666819
6230,,,,2170.0,6136.43648801279,4349.532136179686,270,3,69.665,65014.660943635594
6231,,,,2174.0,6139.43648801279,4352.532136179686,271,3,69.589,64975.52274133822
6232,,,,2171.0,6142.43648801279,4355.532136179686,272,3,69.521,58104.255109625374
6233,,,,2171.0,6145.43648801279,4358.532136179686,273,3,69.457,54661.15022279277
6234,,,,2165.0,6149.43648801279,4362.532136179686,274,3,69.373,71713.0064809791
6235,,,,2158.0,6152.43648801279,4365.532136179686,275,3,69.308,55459.692898614674
6236,,,,2154.0,6155.43648801279,4368.532136179686,276,3,69.242,56287.15787733749
6237,,,,2151.0,6158.43648801279,4371.532136179686,277,3,69.183,50296.41268033493
6238,,,,2145.0,6161.43648801279,4374.532136179686,278,3,69.127,47722.54371680463
6239,,,,2130.0,6164.43648801279,4377.532136179686,279,3,69.064,53667.78749104548
6240,,,,2120.0,6167.43648801279,4380.532136179686,280,3,69.002,52793.82374154434
6241,,,,2108.0,6170.43648801279,4383.532136179686,281,3,68.938,54473.600586008986
6242,,,,2103.0,6173.43648801279,4386.532136179686,282,3,68.877,51898.32112533043
6243,,,,2097.0,6176.43648801279,4389.532136179686,283,3,68.809,57827.80073161813
6244,,,,2100.0,6179.43648801279,4392.532136179686,284,3,68.75,50152.1891274164
6245,,,,2102.0,6182.43648801279,4395.532136179686,285,3,68.696,45886.56293869766
6246,,,,2103.0,6185.43648801279,4398.532136179686,286,3,68.642,45872.75572509956
6247,,,,2108.0,6188.43648801279,4401.532136179686,287,3,68.594,40765.260953709854
6248,,,,2112.0,6192.43648801279,4405.532136179686,288,3,68.533,51798.16453578944
6249,,,,2116.0,6195.43648801279,4408.532136179686,289,3,68.49,36503.443637575394
6250,,,,2126.0,6198.43648801279,4411.532136179686,290,3,68.45,33952.5557067321
6251,,,,2133.0,6201.43648801279,4414.532136179686,291,3,68.417,28009.476257560997
6252,,,,2136.0,6204.43648801279,4417.532136179686,292,3,68.372,38191.43982414661
6253,,,,2143.0,6207.43648801279,4420.532136179686,293,3,68.323,41577.7510057221
6254,,,,2149.0,6210.43648801279,4423.532136179686,294,3,68.279,37327.75398596041
6255,,,,2156.0,6213.43648801279,4426.532136179686,295,3,68.238,34777.82807039302
6256,,,,2165.0,6216.43648801279,4429.532136179686,296,3,68.196,35621.5984238339
6257,,,,2171.0,6219.43648801279,4432.532136179686,297,3,68.153,36464.59966526775
6258,,,,2180.0,6222.43648801279,4435.532136179686,298,3,68.113,33916.261219027336
6259,,,,2188.0,6225.43648801279,4438.532136179686,299,3,68.11,2544.1429041197953
6275,,,,2295.0,6275.43648801279,4488.532136179686,315,3,68.082,23930.598892917213
6276,,,,2298.0,6278.43648801279,4491.532136179686,316,3,68.037,38457.652334020895
6277,,,,2296.0,6281.43648801279,4494.532136179686,317,3,67.995,35888.007470170305
6278,,,,2300.0,6284.43648801279,4497.532136179686,318,3,67.944,43569.30059894415
6279,,,,2310.0,6287.43648801279,4500.532136179686,319,3,67.897,40142.30801850031
6280,,,,2318.0,6290.43648801279,4503.532136179686,320,3,67.853,37572.77714290991
6281,,,,2328.0,6293.43648801279,4506.532136179686,321,3,67.812,35005.76150699374
6282,,,,2337.0,6296.43648801279,4509.532136179686,322,3,67.769,36708.11768568757
6283,,,,2350.0,6299.43648801279,4512.532136179686,323,3,67.738,26462.14994562067
6288,,,,2394.0,6314.43648801279,4527.532136179686,328,3,67.723,12830.398216540994
6289,,,,2397.0,6318.43648801279,4531.532136179686,329,3,67.722,855.8006301229785
6294,,,,2435.0,6333.43648801279,4546.532136179686,334,3,67.702,17153.986059049468
6299,,,,2441.0,6348.43648801279,4561.532136179686,339,3,67.655,40387.349932270976
6300,,,,2449.0,6351.43648801279,4564.532136179686,340,3,67.588,57552.15077154327
6301,,,,2461.0,6354.43648801279,4567.532136179686,341,3,67.534,46365.705025185816
6302,,,,2464.0,6358.43648801279,4571.532136179686,342,3,67.469,55796.520077437635
6303,,,,2460.0,6361.43648801279,4574.532136179686,343,3,67.42,42046.30251513977
6304,,,,2442.0,6364.43648801279,4577.532136179686,344,3,67.357,54040.11836233073
6305,,,,2423.0,6367.43648801279,4580.532136179686,345,3,67.272,72865.53659029191
6306,,,,2436.0,6370.43648801279,4583.532136179686,346,3,67.198,63390.81199619843
6307,,,,2438.0,6373.43648801279,4586.532136179686,347,3,67.14,49659.29323374017
6308,,,,2433.0,6376.43648801279,4589.532136179686,348,3,67.072,58194.01198718188
6309,,,,2434.0,6379.43648801279,4592.532136179686,349,3,67.007,55597.6502169554
6310,,,,2425.0,6382.43648801279,4595.532136179686,350,3,66.945,53006.28821143204
6311,,,,2412.0,6385.43648801279,4598.532136179686,351,3,66.88,55544.5174705383
6312,,,,2410.0,6388.43648801279,4601.532136179686,352,3,66.812,58077.63386496575
6313,,,,2407.0,6391.43648801279,4604.532136179686,353,3,66.754,49513.35914555293
6314,,,,2399.0,6394.43648801279,4607.532136179686,354,3,66.691,53758.25136000264
6315,,,,2385.0,6397.43648801279,4610.532136179686,355,3,66.623,57995.01366147788
6316,,,,2380.0,6401.43648801279,4614.532136179686,356,3,66.523,85232.56626330236
6317,,,,2379.0,6404.43648801279,4617.532136179686,357,3,66.454,58763.34980978911
6318,,,,2379.0,6407.43648801279,4620.532136179686,358,3,66.392,52774.54307656388
6319,,,,2347.0,6410.43648801279,4623.532136179686,359,3,66.32,61253.41299819735
6320,,,,2332.0,6413.43648801279,4626.532136179686,360,3,66.243,65464.19734935228
6321,,,,2343.0,6416.43648801279,4629.532136179686,361,3,66.173,59474.71977976331
6322,,,,2345.0,6419.43648801279,4632.532136179686,362,3,66.118,46707.85198396929
6323,,,,2341.0,6422.43648801279,4635.532136179686,363,3,66.063,46690.824258204746
6324,,,,2329.0,6425.43648801279,4638.532136179686,364,3,65.996,56851.960050428395
6325,,,,2316.0,6428.43648801279,4641.532136179686,365,3,65.919,65296.554347346406
6326,,,,2311.0,6431.43648801279,4644.532136179686,366,3,65.835,71178.86857550021
6327,,,,2310.0,6434.43648801279,4647.532136179686,367,3,65.76,63505.4752229936
6328,,,,2306.0,6437.43648801279,4650.532136179686,368,3,65.686,62616.97046864473
6329,,,,2302.0,6441.43648801279,4654.532136179686,369,3,65.593,78643.15668601728
6330,,,,2306.0,6444.43648801279,4657.532136179686,370,3,65.52,61681.306291462264
6331,,,,2307.0,6447.43648801279,4660.532136179686,371,3,65.45,59109.452978446694
6332,,,,2303.0,6450.43648801279,4663.532136179686,372,3,65.375,63290.87651582289
6333,,,,2302.0,6453.43648801279,4666.532136179686,373,3,65.305,59033.455617740045
6334,,,,2294.0,6456.43648801279,4669.532136179686,374,3,65.235,58997.6253401695
6335,,,,2284.0,6459.43648801279,4672.532136179686,375,3,65.164,59803.58816062524
6336,,,,2276.0,6462.43648801279,4675.532136179686,376,3,65.093,59766.2088629531
6337,,,,2270.0,6465.43648801279,4678.532136179686,377,3,65.019,62251.084552294065
6338,,,,2260.0,6468.43648801279,4681.532136179686,378,3,64.945,62209.127099889294
6339,,,,2255.0,6471.43648801279,4684.532136179686,379,3,64.868,64685.89703101559
6340,,,,2251.0,6474.43648801279,4687.532136179686,380,3,64.789,66317.02492637023
6341,,,,2249.0,6477.43648801279,4690.532136179686,381,3,64.715,62075.191185825395
6342,,,,2241.0,6480.43648801279,4693.532136179686,382,3,64.641,62032.967333408684
6343,,,,2234.0,6484.43648801279,4697.532136179686,383,3,64.539,85441.26956319544
6344,,,,2232.0,6487.43648801279,4700.532136179686,384,3,64.466,61094.55732194084
6345,,,,2223.0,6490.43648801279,4703.532136179686,385,3,64.398,56874.08531620524
6346,,,,2207.0,6493.43648801279,4706.532136179686,386,3,64.318,66864.73367928292
6347,,,,2208.0,6496.43648801279,4709.532136179686,387,3,64.235,69316.32118700985
6348,,,,2211.0,6499.43648801279,4712.532136179686,388,3,64.164,59251.00133932744
6349,,,,2207.0,6502.43648801279,4715.532136179686,389,3,64.099,54211.4307320271
6350,,,,2203.0,6505.43648801279,4718.532136179686,390,3,64.032,55847.721537259036
6351,,,,2200.0,6508.43648801279,4721.532136179686,391,3,63.969,52484.44187082995
6352,,,,2197.0,6511.43648801279,4724.532136179686,392,3,63.907,51624.700045153586
6353,,,,2191.0,6514.43648801279,4727.532136179686,393,3,63.844,52430.223874143754
6354,,,,2181.0,6517.43648801279,4730.532136179686,394,3,63.779,54065.36179912576
6355,,,,2171.0,6520.43648801279,4733.532136179686,395,3,63.706,60681.822734224996
6356,,,,2163.0,6523.43648801279,4736.532136179686,396,3,63.629,63960.95746048975
6357,,,,2165.0,6527.43648801279,4740.532136179686,397,3,63.535,78025.16375479687
6358,,,,2169.0,6530.43648801279,4743.532136179686,398,3,63.476,48936.79885795848
6359,,,,2165.0,6533.43648801279,4746.532136179686,399,3,63.422,44770.32126661743
6360,,,,2140.0,6536.43648801279,4749.532136179686,400,3,63.355,55520.877178933566
6361,,,,2122.0,6539.43648801279,4752.532136179686,401,3,63.267,72867.2143746886
6362,,,,2135.0,6542.43648801279,4755.532136179686,402,3,63.195,59570.611426591546
6363,,,,2136.0,6545.43648801279,4758.532136179686,403,3,63.14,45480.47452922003
6364,,,,2126.0,6548.43648801279,4761.532136179686,404,3,63.085,45461.70176346756
6365,,,,2120.0,6551.43648801279,4764.532136179686,405,3,63.024,50397.90134807505
6366,,,,2111.0,6554.43648801279,4767.532136179686,406,3,62.965,48721.42702260429
6367,,,,2109.0,6557.43648801279,4770.532136179686,407,3,62.905,49523.071844772065
6368,,,,2105.0,6560.43648801279,4773.532136179686,408,3,62.847,47849.30453595375
6369,,,,2093.0,6563.43648801279,4776.532136179686,409,3,62.79,47002.796792536166
6370,,,,2086.0,6566.43648801279,4779.532136179686,410,3,62.727,51924.56274595375
6371,,,,2085.0,6570.43648801279,4783.532136179686,411,3,62.644,68370.60201390676
6372,,,,2085.0,6573.43648801279,4786.532136179686,412,3,62.587,46922.28741532472
6373,,,,2087.0,6576.43648801279,4789.532136179686,413,3,62.532,45256.04363190758
6374,,,,2084.0,6579.43648801279,4792.532136179686,414,3,62.483,40303.8843748966
6375,,,,2065.0,6582.43648801279,4795.532136179686,415,3,62.423,49331.148718299555
6376,,,,2045.0,6585.43648801279,4798.532136179686,416,3,62.339,69015.42707786856
6377,,,,2053.0,6588.43648801279,4801.532136179686,417,3,62.266,59929.50538698518
6378,,,,2050.0,6591.43648801279,4804.532136179686,418,3,62.208,47586.82299371629
6379,,,,2035.0,6594.43648801279,4807.532136179686,419,3,62.147,50023.12011747661
6380,,,,2026.0,6597.43648801279,4810.532136179686,420,3,62.081,54092.69844216451
6381,,,,2018.0,6600.43648801279,4813.532136179686,421,3,62.018,51603.77676673361
6382,,,,2010.0,6603.43648801279,4816.532136179686,422,3,61.958,49120.058522274274
6383,,,,2001.0,6606.43648801279,4819.532136179686,423,3,61.899,48276.950841650156
6384,,,,1997.0,6610.43648801279,4823.532136179686,424,3,61.828,58070.152750015775
6385,,,,1982.0,6613.43648801279,4826.532136179686,425,3,61.777,41690.14467214345
6386,,,,1973.0,6616.43648801279,4829.532136179686,426,3,61.711,53925.333596095785
6387,,,,1983.0,6619.43648801279,4832.532136179686,427,3,61.655,45730.35049968827
6388,,,,1986.0,6622.43648801279,4835.532136179686,428,3,61.609,37550.16851788628
6389,,,,1990.0,6625.43648801279,4838.532136179686,429,3,61.569,32644.32062881688
6390,,,,1984.0,6628.43648801279,4841.532136179686,430,3,61.526,35084.877748152576
6391,,,,1973.0,6631.43648801279,4844.532136179686,431,3,61.473,43229.98299922508
6392,,,,1972.0,6634.43648801279,4847.532136179686,432,3,61.413,48916.76173595823
6393,,,,1973.0,6637.43648801279,4850.532136179686,433,3,61.351,50519.97168689098
6394,,,,1974.0,6640.43648801279,4853.532136179686,434,3,61.296,44793.62876699152
6395,,,,1980.0,6643.43648801279,4856.532136179686,435,3,61.241,44773.67273123904
6396,,,,1981.0,6646.43648801279,4859.532136179686,436,3,61.198,34992.67059769871
6397,,,,1966.0,6650.43648801279,4863.532136179686,437,3,61.139,48002.07246940518
6398,,,,1942.0,6653.43648801279,4866.532136179686,438,3,61.071,55291.920177606946
6399,,,,1940.0,6656.43648801279,4869.532136179686,439,3,60.998,59315.75183283234
6400,,,,1937.0,6659.43648801279,4872.532136179686,440,3,60.935,51156.319365446565
6401,,,,1934.0,6662.43648801279,4875.532136179686,441,3,60.879,45448.37014764788
6402,,,,1927.0,6665.43648801279,4878.532136179686,442,3,60.831,38940.01319788547
6403,,,,1917.0,6668.43648801279,4881.532136179686,443,3,60.78,41358.71671693146
6404,,,,1911.0,6671.43648801279,4884.532136179686,444,3,60.727,42963.19036749896
6405,,,,1907.0,6674.43648801279,4887.532136179686,445,3,60.678,39705.18812953203
6406,,,,1898.0,6677.43648801279,4890.532136179686,446,3,60.627,41310.328092093776
6407,,,,1898.0,6680.43648801279,4893.532136179686,447,3,60.572,44531.422205086186
6408,,,,1902.0,6683.43648801279,4896.532136179686,448,3,60.518,43702.055514008964
6409,,,,1911.0,6686.43648801279,4899.532136179686,449,3,60.466,42065.495267418126
6410,,,,1922.0,6689.43648801279,4902.532136179686,450,3,60.42,37198.324087335546
6414,,,,1948.0,6702.43648801279,4915.532136179686,454,3,60.395,20243.87160748048
6415,,,,1956.0,6705.43648801279,4918.532136179686,455,3,60.344,41289.99250243655
6416,,,,1959.0,6708.43648801279,4921.532136179686,456,3,60.329,12142.90734476997
6421,,,,2003.0,6723.43648801279,4936.532136179686,461,3,60.313,12978.061196587994
6422,,,,2006.0,6726.43648801279,4939.532136179686,462,3,60.288,20280.374172275373
6427,,,,2041.0,6742.43648801279,4955.532136179686,467,3,60.266,17882.209144268418
6428,,,,2042.0,6745.43648801279,4958.532136179686,468,3,60.25,13006.928380628156
6433,,,,2073.0,6760.43648801279,4973.532136179686,473,3,60.242,6516.628106511273
6434,,,,2074.0,6763.43648801279,4976.532136179686,474,3,60.226,13036.44266940536
6441,,,,2103.0,6785.43648801279,4998.532136179686,481,3,60.193,26964.15072285142
6442,,,,2107.0,6788.43648801279,5001.532136179686,482,3,60.167,21243.46160812464
6446,,,,2120.0,6800.43648801279,5013.532136179686,486,3,60.163,3273.186090414316
6447,,,,2130.0,6803.43648801279,5016.532136179686,487,3,60.135,22916.314473777882
6453,,,,2158.0,6822.43648801279,5035.532136179686,493,3,60.124,9025.053285727687
6454,,,,2158.0,6825.43648801279,5038.532136179686,494,3,60.09,27897.44274697808
6455,,,,2157.0,6828.43648801279,5041.532136179686,495,3,60.05,32814.73438679939
6456,,,,2146.0,6831.43648801279,5044.532136179686,496,3,59.999,41825.46306641757
6457,,,,2141.0,6834.43648801279,5047.532136179686,497,3,59.934,53278.840635598426
6458,,,,2133.0,6837.43648801279,5050.532136179686,498,3,59.864,57337.78514736716
6459,,,,2130.0,6840.43648801279,5053.532136179686,499,3,59.792,58931.94732549182
6460,,,,2133.0,6843.43648801279,5056.532136179686,500,3,59.726,53982.31358350668
6461,,,,2133.0,6846.43648801279,5059.532136179686,501,3,59.664,50678.55524283656
6462,,,,2128.0,6849.43648801279,5062.532136179686,502,3,59.604,49015.11546314042
6463,,,,2120.0,6852.43648801279,5065.532136179686,503,3,59.542,50619.304663645904
6464,,,,2108.0,6855.43648801279,5068.532136179686,504,3,59.48,50588.76122393186
6465,,,,2109.0,6858.43648801279,5071.532136179686,505,3,59.414,53818.17855517856
6466,,,,2102.0,6862.43648801279,5075.532136179686,506,3,59.337,62748.932044875044
6467,,,,2097.0,6865.43648801279,5078.532136179686,507,3,59.279,47232.33563880312
6468,,,,2101.0,6868.43648801279,5081.532136179686,508,3,59.23,39884.605448142844
6469,,,,2096.0,6871.43648801279,5084.532136179686,509,3,59.187,34988.88046784285
6470,,,,2084.0,6874.43648801279,5087.532136179686,510,3,59.135,42296.647855001436
6471,,,,2074.0,6877.43648801279,5090.532136179686,511,3,59.08,44715.88849367353
6472,,,,2068.0,6880.43648801279,5093.532136179686,512,3,59.024,45505.995974892576
6473,,,,2054.0,6883.43648801279,5096.532136179686,513,3,58.979,36551.97701527518
6474,,,,2053.0,6886.43648801279,5099.532136179686,514,3,58.929,40598.29767142829
6475,,,,2048.0,6889.43648801279,5102.532136179686,515,3,58.891,30845.109466674432
6476,,,,2046.0,6892.43648801279,5105.532136179686,516,3,58.851,32461.17027886338
6477,,,,2051.0,6895.43648801279,5108.532136179686,517,3,58.812,31642.171996074103
6478,,,,2050.0,6898.43648801279,5111.532136179686,518,3,58.779,26769.403487038344
6479,,,,2052.0,6902.43648801279,5115.532136179686,519,3,58.72,47850.7337093996
6480,,,,2059.0,6905.43648801279,5118.532136179686,520,3,58.671,39721.16864345074
6481,,,,2064.0,6908.43648801279,5121.532136179686,521,3,58.627,35655.214459518174
6482,,,,2069.0,6911.43648801279,5124.532136179686,522,3,58.59,29975.10048016884
6483,,,,2074.0,6914.43648801279,5127.532136179686,523,3,58.555,28349.708183592033
6484,,,,2078.0,6917.43648801279,5130.532136179686,524,3,58.519,29154.67053831504
6485,,,,2081.0,6920.43648801279,5133.532136179686,525,3,58.477,34005.86226876615
6486,,,,2087.0,6923.43648801279,5136.532136179686,526,3,58.429,38850.78077124163
6487,,,,2087.0,6926.43648801279,5139.532136179686,527,3,58.391,30747.559800129937
6488,,,,2081.0,6929.43648801279,5142.532136179686,528,3,58.349,33975.581455647036
6489,,,,2073.0,6932.43648801279,5145.532136179686,529,3,58.297,42049.331302198145
6490,,,,2064.0,6935.43648801279,5148.532136179686,530,3,58.24,46069.39283419815
6491,,,,2054.0,6938.43648801279,5151.532136179686,531,3,58.177,50888.37351937598
6492,,,,2053.0,6941.43648801279,5154.532136179686,532,3,58.11,54082.32126706353
6493,,,,2045.0,6945.43648801279,5158.532136179686,533,3,58.031,63725.345193189685
6494,,,,2035.0,6948.43648801279,5161.532136179686,534,3,57.968,50778.736102894916
6495,,,,2035.0,6951.43648801279,5164.532136179686,535,3,57.906,49940.42659994743
6496,,,,2024.0,6954.43648801279,5167.532136179686,536,3,57.848,46690.222791538945
6497,,,,2016.0,6957.43648801279,5170.532136179686,537,3,57.786,49880.00507300007
6498,,,,2004.0,6960.43648801279,5173.532136179686,538,3,57.723,50651.56267251568
6499,,,,1998.0,6963.43648801279,5176.532136179686,539,3,57.655,54633.06150774616
6500,,,,1983.0,6966.43648801279,5179.532136179686,540,3,57.585,56196.8498615018
6501,,,,1974.0,6969.43648801279,5182.532136179686,541,3,57.511,59359.41538979813
6502,,,,1963.0,6972.43648801279,5185.532136179686,542,3,57.438,58507.64593582282
6503,,,,1962.0,6975.43648801279,5188.532136179686,543,3,57.365,58458.47556473358
6504,,,,1954.0,6978.43648801279,5191.532136179686,544,3,57.297,54410.980952023485
6505,,,,1945.0,6981.43648801279,5194.532136179686,545,3,57.233,51173.37094221475
6506,,,,1945.0,6984.43648801279,5197.532136179686,546,3,57.165,54332.37844418499
6507,,,,1939.0,6988.43648801279,5201.532136179686,547,3,57.077,70256.8205911938
6508,,,,1935.0,6991.43648801279,5204.532136179686,548,3,57.013,51049.79129071231
6509,,,,1936.0,6994.43648801279,5207.532136179686,549,3,56.952,48624.37821573899
6510,,,,1933.0,6997.43648801279,5210.532136179686,550,3,56.896,44612.0723600856
6511,,,,1928.0,7000.43648801279,5213.532136179686,551,3,56.844,41403.94159962157
6512,,,,1919.0,7003.43648801279,5216.532136179686,552,3,56.786,46156.42831170768
6513,,,,1912.0,7006.43648801279,5219.532136179686,553,3,56.726,47718.87711764027
6514,,,,1905.0,7009.43648801279,5222.532136179686,554,3,56.662,50866.303008178875
6515,,,,1902.0,7012.43648801279,5225.532136179686,555,3,56.604,46067.69661257275
6516,,,,1892.0,7015.43648801279,5228.532136179686,556,3,56.544,47626.95646474207
6517,,,,1884.0,7018.43648801279,5231.532136179686,557,3,56.48,50768.11299975412
6518,,,,1874.0,7021.43648801279,5234.532136179686,558,3,56.412,53901.1525443206
6519,,,,1875.0,7024.43648801279,5237.532136179686,559,3,56.349,49901.19641796493
6520,,,,1863.0,7027.43648801279,5240.532136179686,560,3,56.293,44328.73204943118
6521,,,,1855.0,7031.43648801279,5244.532136179686,561,3,56.204,70400.38044268468
6522,,,,1855.0,7034.43648801279,5247.532136179686,562,3,56.143,48208.168003245104
6523,,,,1847.0,7037.43648801279,5250.532136179686,563,3,56.085,45808.25048624843
6524,,,,1844.0,7040.43648801279,5253.532136179686,564,3,56.029,44202.56379935363
6525,,,,1834.0,7043.43648801279,5256.532136179686,565,3,55.975,42600.22526178438
6526,,,,1828.0,7046.43648801279,5259.532136179686,566,3,55.916,46517.536679737736
6527,,,,1816.0,7049.43648801279,5262.532136179686,567,3,55.864,40975.2725527633
6528,,,,1802.0,7052.43648801279,5265.532136179686,568,3,55.807,44890.50019801005
6529,,,,1791.0,7055.43648801279,5268.532136179686,569,3,55.743,50370.172175220956
6530,,,,1785.0,7058.43648801279,5271.532136179686,570,3,55.677,51905.76557063138
6531,,,,1777.0,7061.43648801279,5274.532136179686,571,3,55.612,51080.91334543781
6532,,,,1767.0,7064.43648801279,5277.532136179686,572,3,55.549,49473.258939973224
6533,,,,1761.0,7067.43648801279,5280.532136179686,573,3,55.491,45516.55256247839
6534,,,,1753.0,7071.43648801279,5284.532136179686,574,3,55.415,59604.11987060593
6535,,,,1745.0,7074.43648801279,5287.532136179686,575,3,55.353,48584.51321605857
6536,,,,1738.0,7077.43648801279,5290.532136179686,576,3,55.291,48550.7047323443
6537,,,,1729.0,7080.43648801279,5293.532136179686,577,3,55.231,46952.64009168519
6538,,,,1724.0,7083.43648801279,5296.532136179686,578,3,55.169,48484.70607315363
6539,,,,1722.0,7086.43648801279,5299.532136179686,579,3,55.11,46107.62263823023
6540,,,,1722.0,7089.43648801279,5302.532136179686,580,3,55.057,41394.16332746783
6541,,,,1717.0,7092.43648801279,5305.532136179686,581,3,55.008,38250.82208060286
6542,,,,1712.0,7095.43648801279,5308.532136179686,582,3,54.956,40572.614054327285
6543,,,,1709.0,7098.43648801279,5311.532136179686,583,3,54.906,38992.42147230638
6544,,,,1704.0,7101.43648801279,5314.532136179686,584,3,54.856,38973.393589860774
6545,,,,1698.0,7104.43648801279,5317.532136179686,585,3,54.802,42069.14800573695
6546,,,,1698.0,7107.43648801279,5320.532136179686,586,3,54.747,42823.690790392
6547,,,,1693.0,7110.43648801279,5323.532136179686,587,3,54.698,38131.88435009703
6548,,,,1684.0,7114.43648801279,5327.532136179686,588,3,54.619,61440.57943124792
6549,,,,1674.0,7117.43648801279,5330.532136179686,589,3,54.552,52060.1831418007
6550,,,,1671.0,7120.43648801279,5333.532136179686,590,3,54.484,52794.10607767178
6551,,,,1668.0,7123.43648801279,5336.532136179686,591,3,54.426,44997.1811387493
6552,,,,1664.0,7126.43648801279,5339.532136179686,592,3,54.374,40318.52707458085
6553,,,,1655.0,7129.43648801279,5342.532136179686,593,3,54.322,40296.94388205368
6554,,,,1644.0,7132.43648801279,5345.532136179686,594,3,54.263,45694.06134700483
6555,,,,1633.0,7135.43648801279,5348.532136179686,595,3,54.207,43342.924567863825
6556,,,,1616.0,7138.43648801279,5351.532136179686,596,3,54.143,49500.773982475934
6557,,,,1610.0,7141.43648801279,5354.532136179686,597,3,54.075,52552.57422246256
6558,,,,1604.0,7144.43648801279,5357.532136179686,598,3,54.009,50965.15204244664
6559,,,,1596.0,7147.43648801279,5360.532136179686,599,3,53.948,47068.563857120156
6560,,,,1586.0,7150.43648801279,5363.532136179686,600,3,53.891,43952.46746455791
6561,,,,1576.0,7154.43648801279,5367.532136179686,601,3,53.821,53943.30640977857
6562,,,,1572.0,7157.43648801279,5370.532136179686,602,3,53.775,35425.130672753825
6563,,,,1571.0,7160.43648801279,5373.532136179686,603,3,53.728,36179.11497722715
6564,,,,1570.0,7163.43648801279,5376.532136179686,604,3,53.687,31547.881744758663
6565,,,,1568.0,7166.43648801279,5379.532136179686,605,3,53.646,31537.000230280497
6566,,,,1561.0,7169.43648801279,5382.532136179686,606,3,53.612,26145.300240262546
6567,,,,1557.0,7172.43648801279,5385.532136179686,607,3,53.574,29213.821541360205
6568,,,,1552.0,7175.43648801279,5388.532136179686,608,3,53.536,29205.318084777362
6569,,,,1541.0,7178.43648801279,5391.532136179686,609,3,53.488,36876.71936126928
6570,,,,1532.0,7181.43648801279,5394.532136179686,610,3,53.426,47603.35824212093
6571,,,,1527.0,7184.43648801279,5397.532136179686,611,3,53.362,49101.54263564227
6572,,,,1524.0,7187.43648801279,5400.532136179686,612,3,53.303,45232.2268666427
6573,,,,1520.0,7190.43648801279,5403.532136179686,613,3,53.247,42903.89643667271
6574,,,,1512.0,7193.43648801279,5406.532136179686,614,3,53.198,37519.562001359154
6575,,,,1509.0,7197.43648801279,5410.532136179686,615,3,53.136,47450.597114011995
6576,,,,1497.0,7200.43648801279,5413.532136179686,616,3,53.083,40535.627655975564
6577,,,,1494.0,7203.43648801279,5416.532136179686,617,3,53.028,42040.011704873665
6578,,,,1489.0,7206.43648801279,5419.532136179686,618,3,52.97,44304.33558166989
6579,,,,1484.0,7209.43648801279,5422.532136179686,619,3,52.909,46563.00348077263
6580,,,,1478.0,7212.43648801279,5425.532136179686,620,3,52.852,43479.28623829872
6581,,,,1475.0,7215.43648801279,5428.532136179686,621,3,52.798,41164.78670775791
6582,,,,1467.0,7218.43648801279,5431.532136179686,622,3,52.749,37332.33148401362
6583,,,,1455.0,7221.43648801279,5434.532136179686,623,3,52.692,43401.82262975737
6584,,,,1445.0,7224.43648801279,5437.532136179686,624,3,52.631,46414.85877784519
6585,,,,1443.0,7227.43648801279,5440.532136179686,625,3,52.572,44860.53205005426
6586,,,,1441.0,7230.43648801279,5443.532136179686,626,3,52.52,39512.77363270819
6587,,,,1442.0,7233.43648801279,5446.532136179686,627,3,52.476,33417.20348980026
6588,,,,1436.0,7236.43648801279,5449.532136179686,628,3,52.439,28090.797163174153
6589,,,,1424.0,7240.43648801279,5453.532136179686,629,3,52.376,47811.100080938624
6590,,,,1418.0,7243.43648801279,5456.532136179686,630,3,52.319,43226.04023740869
6591,,,,1413.0,7246.43648801279,5459.532136179686,631,3,52.265,40924.51093776735
6592,,,,1405.0,7249.43648801279,5462.532136179686,632,3,52.211,40899.17483216926
6593,,,,1394.0,7252.43648801279,5465.532136179686,633,3,52.152,44656.27572270836
6594,,,,1387.0,7255.43648801279,5468.532136179686,634,3,52.091,46136.03641501491
6595,,,,1381.0,7258.43648801279,5471.532136179686,635,3,52.032,44590.440764043466
6596,,,,1376.0,7261.43648801279,5474.532136179686,636,3,51.973,44558.31641420855
6597,,,,1372.0,7264.43648801279,5477.532136179686,637,3,51.926,35474.081273395685
6598,,,,1368.0,7267.43648801279,5480.532136179686,638,3,51.879,35456.62349799701
6599,,,,1362.0,7270.43648801279,5483.532136179686,639,3,51.831,36192.814472242724
6600,,,,1358.0,7273.43648801279,5486.532136179686,640,3,51.779,39187.23923519597
6601,,,,1350.0,7276.43648801279,5489.532136179686,641,3,51.728,38411.267689803186
6602,,,,1345.0,7279.43648801279,5492.532136179686,642,3,51.67,43655.392091277565
6603,,,,1337.0,7283.43648801279,5496.532136179686,643,3,51.596,55657.72007546741
6604,,,,1331.0,7286.43648801279,5499.532136179686,644,3,51.538,43585.80176377311
6605,,,,1325.0,7289.43648801279,5502.532136179686,645,3,51.482,42053.63383172238
6606,,,,1314.0,7292.43648801279,5505.532136179686,646,3,51.43,39024.919640427055
6607,,,,1307.0,7295.43648801279,5508.532136179686,647,3,51.375,41250.404148258305
6608,,,,1299.0,7298.43648801279,5511.532136179686,648,3,51.32,41223.21143250583
6609,,,,1286.0,7301.43648801279,5514.532136179686,649,3,51.263,42693.18577724113
6610,,,,1279.0,7304.43648801279,5517.532136179686,650,3,51.201,46403.39037907824
6611,,,,1277.0,7307.43648801279,5520.532136179686,651,3,51.146,41134.181123125265
6612,,,,1270.0,7310.43648801279,5523.532136179686,652,3,51.092,40359.83790571991
6613,,,,1257.0,7313.43648801279,5526.532136179686,653,3,51.039,39587.21484373137
6614,,,,1251.0,7316.43648801279,5529.532136179686,654,3,50.985,40308.41427766444
6615,,,,1241.0,7319.43648801279,5532.532136179686,655,3,50.931,40282.255212066346
6616,,,,1237.0,7323.43648801279,5536.532136179686,656,3,50.862,51437.745359272376
6617,,,,1242.0,7326.43648801279,5539.532136179686,657,3,50.821,30543.935697837707
6618,,,,1248.0,7329.43648801279,5542.532136179686,658,3,50.791,22342.761012599512
6624,,,,1272.0,7347.43648801279,5560.532136179686,664,3,50.743,35808.70158594281
6625,,,,1273.0,7350.43648801279,5563.532136179686,665,3,50.706,27590.69395707843
6629,,,,1284.0,7362.43648801279,5575.532136179686,669,3,50.68,19407.647630117786
6630,,,,1294.0,7366.43648801279,5579.532136179686,670,3,50.62,44773.20097414343
6634,,,,1307.0,7378.43648801279,5591.532136179686,674,3,50.598,16430.27285775978
6635,,,,1313.0,7381.43648801279,5594.532136179686,675,3,50.571,20162.858797506444
6639,,,,1332.0,7393.43648801279,5606.532136179686,679,3,50.544,20184.85792310692
6640,,,,1339.0,7396.43648801279,5609.532136179686,680,3,50.504,29895.804569628017
6644,,,,1359.0,7409.43648801279,5622.532136179686,684,3,50.483,15713.392014914494
6645,,,,1365.0,7412.43648801279,5625.532136179686,685,3,50.437,34410.902157031065
6646,,,,1373.0,7415.43648801279,5628.532136179686,686,3,50.429,5983.723334395868
6650,,,,1397.0,7427.43648801279,5640.532136179686,690,3,50.383,34443.63745255862
6651,,,,1406.0,7430.43648801279,5643.532136179686,691,3,50.339,32929.970653610486
6652,,,,1412.0,7433.43648801279,5646.532136179686,692,3,50.318,15712.775748052565
6656,,,,1436.0,7445.43648801279,5658.532136179686,696,3,50.29,20973.973277206762
6657,,,,1447.0,7449.43648801279,5662.532136179686,697,3,50.232,43432.27076958513
6661,,,,1473.0,7461.43648801279,5674.532136179686,701,3,50.187,33717.149581040314
6662,,,,1482.0,7464.43648801279,5677.532136179686,702,3,50.153,25465.372945044102
6663,,,,1487.0,7467.43648801279,5680.532136179686,703,3,50.15,2247.0188461715256
6670,,,,1530.0,7488.43648801279,5701.532136179686,710,3,50.109,30782.109307916257
6671,,,,1534.0,7492.43648801279,5705.532136179686,711,3,50.094,11261.46920112561
6675,,,,1557.0,7504.43648801279,5717.532136179686,715,3,50.057,27808.342292305122
6676,,,,1560.0,7507.43648801279,5720.532136179686,716,3,50.011,34557.69110619287
6677,,,,1563.0,7510.43648801279,5723.532136179686,717,3,49.99,15772.074343993705
6681,,,,1569.0,7522.43648801279,5735.532136179686,721,3,49.981,6768.229483288396
6682,,,,1574.0,7525.43648801279,5738.532136179686,722,3,49.93,38345.56813264759
6683,,,,1584.0,7528.43648801279,5741.532136179686,723,3,49.906,18038.61564521456
6684,,,,1586.0,7532.43648801279,5745.532136179686,724,3,49.896,7517.522263765029
6690,,,,1608.0,7550.43648801279,5763.532136179686,730,3,49.864,24103.409409415686
6691,,,,1608.0,7553.43648801279,5766.532136179686,731,3,49.83,25603.098106021385
6692,,,,1612.0,7556.43648801279,5769.532136179686,732,3,49.827,2259.155373257757
6699,,,,1639.0,7578.43648801279,5791.532136179686,739,3,49.802,18875.801221604583
6700,,,,1642.0,7581.43648801279,5794.532136179686,740,3,49.757,33966.010588954225
6701,,,,1641.0,7584.43648801279,5797.532136179686,741,3,49.703,40734.794867274795
6702,,,,1645.0,7587.43648801279,5800.532136179686,742,3,49.66,32418.149425616637
6703,,,,1647.0,7590.43648801279,5803.532136179686,743,3,49.636,18088.79955632456
6704,,,,1641.0,7593.43648801279,5806.532136179686,744,3,49.626,7537.396926735111
6709,,,,1627.0,7608.43648801279,5821.532136179686,749,3,49.617,6795.756561418937
6710,,,,1622.0,7611.43648801279,5824.532136179686,750,3,49.574,32464.397857345935
6711,,,,1615.0,7615.43648801279,5828.532136179686,751,3,49.505,52062.55839390813
6712,,,,1609.0,7618.43648801279,5831.532136179686,752,3,49.451,40710.0600598224
6713,,,,1599.0,7621.43648801279,5834.532136179686,753,3,49.394,42940.4307104862
6714,,,,1593.0,7624.43648801279,5837.532136179686,754,3,49.341,39898.33304212691
6715,,,,1584.0,7627.43648801279,5840.532136179686,755,3,49.287,40623.05552074671
6716,,,,1577.0,7630.43648801279,5843.532136179686,756,3,49.233,40594.532551148615
6717,,,,1570.0,7633.43648801279,5846.532136179686,757,3,49.182,38313.47725035283
6718,,,,1563.0,7636.43648801279,5849.532136179686,758,3,49.132,37538.43084412767
6719,,,,1556.0,7639.43648801279,5852.532136179686,759,3,49.08,39014.78549075673
6720,,,,1548.0,7642.43648801279,5855.532136179686,760,3,49.029,38239.381871520905
6721,,,,1539.0,7645.43648801279,5858.532136179686,761,3,48.972,42707.84401192088
6722,,,,1527.0,7648.43648801279,5861.532136179686,762,3,48.915,42674.90264262177
6723,,,,1522.0,7649.43648801279,5862.532136179686,763,3,48.892,17207.873995407648
6724,,,,1516.0,7650.43648801279,5863.532136179686,764,3,48.87,16454.283382708505
6725,,,,1511.0,7651.43648801279,5864.532136179686,765,3,48.849,15701.505165615152
6726,,,,1508.0,7652.43648801279,5865.532136179686,766,3,48.827,16444.10650086787
6727,,,,1506.0,7653.43648801279,5866.532136179686,767,3,48.803,17932.920103793207
6728,,,,1504.0,7654.43648801279,5867.532136179686,1,4,48.79,9711.252462268816
6736,,,,1454.0,7679.43648801279,5892.532136179686,9,4,48.778,8991.207111149522
6737,,,,1456.0,7682.43648801279,5895.532136179686,10,4,48.754,17982.801493173403
6738,,,,1450.0,7685.43648801279,5898.532136179686,11,4,48.73,17980.97017433921
6739,,,,1445.0,7688.43648801279,5901.532136179686,12,4,48.697,24719.02295667714
6740,,,,1444.0,7691.43648801279,5904.532136179686,13,4,48.661,26957.623449599192
6741,,,,1441.0,7694.43648801279,5907.532136179686,14,4,48.626,26199.902491328274
6742,,,,1441.0,7697.43648801279,5910.532136179686,15,4,48.593,24695.123571623426
6743,,,,1433.0,7701.43648801279,5914.532136179686,16,4,48.566,20203.1244289493
6744,,,,1429.0,7704.43648801279,5917.532136179686,17,4,48.554,8979.058460589966
6745,,,,1430.0,7707.43648801279,5920.532136179686,18,4,48.53,17958.450336054288
6746,,,,1431.0,7710.43648801279,5923.532136179686,19,4,48.498,23940.103409887637
6747,,,,1435.0,7713.43648801279,5926.532136179686,20,4,48.461,27671.822272324862
6753,,,,1458.0,7731.43648801279,5944.532136179686,26,4,48.429,23971.164202351254
6754,,,,1470.0,7734.43648801279,5947.532136179686,27,4,48.388,30701.822435860242
6755,,,,1476.0,7737.43648801279,5950.532136179686,28,4,48.368,14972.868096680331
6760,,,,1496.0,7753.43648801279,5966.532136179686,33,4,48.349,14247.893219415619
6761,,,,1505.0,7756.43648801279,5969.532136179686,34,4,48.322,20245.206736777916
6775,,,,1584.0,7799.43648801279,6012.532136179686,48,4,48.318,3014.9501688099085
6776,,,,1587.0,7802.43648801279,6015.532136179686,49,4,48.312,4523.6966270202265
6783,,,,1628.0,7823.43648801279,6036.532136179686,56,4,48.302,7558.534928527172
6784,,,,1633.0,7827.43648801279,6040.532136179686,57,4,48.287,11340.66394411044
6796,,,,1684.0,7863.43648801279,6076.532136179686,69,4,48.285,1518.7755770425983
6797,,,,1686.0,7867.43648801279,6080.532136179686,70,4,48.272,9875.528844648237
6840,,,,1824.0,7999.43648801279,6212.532136179686,113,4,48.248,18530.534635752567
6841,,,,1823.0,8002.43648801279,6215.532136179686,114,4,48.192,43218.278594619376
6842,,,,1821.0,8005.43648801279,6218.532136179686,115,4,48.136,43184.27041696656
6843,,,,1822.0,8008.43648801279,6221.532136179686,116,4,48.093,33137.68489661369
6844,,,,1818.0,8011.43648801279,6224.532136179686,117,4,48.064,22340.3152529602
6845,,,,1813.0,8014.43648801279,6227.532136179686,118,4,48.036,21565.245701943808
6846,,,,1805.0,8017.43648801279,6230.532136179686,119,4,48.002,26179.271224815428
6847,,,,1790.0,8020.43648801279,6233.532136179686,120,4,47.955,36172.00013177463
6848,,,,1770.0,8023.43648801279,6236.532136179686,121,4,47.895,46142.78324255784
6849,,,,1741.0,8026.43648801279,6239.532136179686,122,4,47.82,57618.777633763
6850,,,,1737.0,8029.43648801279,6242.532136179686,123,4,47.737,63683.31558625695
6851,,,,1734.0,8032.43648801279,6245.532136179686,124,4,47.663,56705.788630779054
6852,,,,1720.0,8036.43648801279,6249.532136179686,125,4,47.567,73469.7452883293
6853,,,,1713.0,8039.43648801279,6252.532136179686,126,4,47.492,57316.55948355275
6854,,,,1706.0,8042.43648801279,6255.532136179686,127,4,47.424,51908.201315341445
6855,,,,1702.0,8045.43648801279,6258.532136179686,128,4,47.356,51853.1599827003
6856,,,,1704.0,8048.43648801279,6261.532136179686,129,4,47.298,44185.3690255089
6857,,,,1705.0,8051.43648801279,6264.532136179686,130,4,47.249,37300.71911597473
6858,,,,1709.0,8054.43648801279,6267.532136179686,131,4,47.2,37275.94012095929
6859,,,,1710.0,8057.43648801279,6270.532136179686,132,4,47.154,34971.56266993763
6860,,,,1708.0,8060.43648801279,6273.532136179686,133,4,47.101,40266.031382418536
6861,,,,1708.0,8063.43648801279,6276.532136179686,134,4,47.045,42511.85632962333
6862,,,,1705.0,8066.43648801279,6279.532136179686,135,4,46.991,40960.91276568717
6863,,,,1702.0,8069.43648801279,6282.532136179686,136,4,46.94,38656.482176533464
6864,,,,1700.0,8072.43648801279,6285.532136179686,137,4,46.893,35600.66385004385
6865,,,,1692.0,8075.43648801279,6288.532136179686,138,4,46.845,36334.81274464184
6866,,,,1682.0,8079.43648801279,6292.532136179686,139,4,46.784,46144.64309510507
6867,,,,1674.0,8082.43648801279,6295.532136179686,140,4,46.731,40058.93955335329
6868,,,,1666.0,8085.43648801279,6298.532136179686,141,4,46.676,41538.00013196937
6869,,,,1660.0,8088.43648801279,6301.532136179686,142,4,46.626,37733.365060231685
6870,,,,1656.0,8091.43648801279,6304.532136179686,143,4,46.577,36953.16159462016
6871,,,,1650.0,8094.43648801279,6307.532136179686,144,4,46.526,38434.43233751229
6872,,,,1645.0,8097.43648801279,6310.532136179686,145,4,46.477,36901.20839904299
6873,,,,1634.0,8100.43648801279,6313.532136179686,146,4,46.43,35371.60088121257
6874,,,,1628.0,8103.43648801279,6316.532136179686,147,4,46.375,41362.16827985127
6875,,,,1625.0,8106.43648801279,6319.532136179686,148,4,46.325,37573.33312193715
6876,,,,1623.0,8109.43648801279,6322.532136179686,149,4,46.274,38297.21117702976
6877,,,,1618.0,8112.43648801279,6325.532136179686,150,4,46.224,37519.20751341355
6878,,,,1612.0,8115.43648801279,6328.532136179686,151,4,46.168,41988.87884802479
6879,,,,1607.0,8119.43648801279,6332.532136179686,152,4,46.094,55434.54324501922
6880,,,,1603.0,8122.43648801279,6335.532136179686,153,4,46.043,38167.2234654992
6881,,,,1597.0,8125.43648801279,6338.532136179686,154,4,45.988,41128.56249855657
6882,,,,1591.0,8128.43648801279,6341.532136179686,155,4,45.934,40347.835497961554
6883,,,,1585.0,8131.43648801279,6344.532136179686,156,4,45.879,41061.43680506529
6884,,,,1580.0,8134.43648801279,6347.532136179686,157,4,45.83,36554.050758078694
6885,,,,1574.0,8137.43648801279,6350.532136179686,158,4,45.781,36528.45601106326
6886,,,,1570.0,8140.43648801279,6353.532136179686,159,4,45.737,32779.84452643571
6887,,,,1562.0,8143.43648801279,6356.532136179686,160,4,45.685,38713.44103156918
6888,,,,1554.0,8146.43648801279,6359.532136179686,161,4,45.633,38683.64693504201
6889,,,,1547.0,8149.43648801279,6362.532136179686,162,4,45.575,43111.040585522765
6890,,,,1542.0,8152.43648801279,6365.532136179686,163,4,45.522,39361.11285767381
6891,,,,1534.0,8155.43648801279,6368.532136179686,164,4,45.473,36363.09321810908
6892,,,,1525.0,8158.43648801279,6371.532136179686,165,4,45.426,34854.904761219914
6893,,,,1518.0,8162.43648801279,6375.532136179686,166,4,45.356,51870.161647834604
6894,,,,1509.0,8165.43648801279,6378.532136179686,167,4,45.304,38494.48054416816
6895,,,,1498.0,8168.43648801279,6381.532136179686,168,4,45.248,41421.422608305234
6896,,,,1490.0,8171.43648801279,6384.532136179686,169,4,45.189,43601.011898316494
6897,,,,1479.0,8174.43648801279,6387.532136179686,170,4,45.133,41346.56133833437
6898,,,,1470.0,8177.43648801279,6390.532136179686,171,4,45.073,44259.23015026258
6899,,,,1463.0,8180.43648801279,6393.532136179686,172,4,45.012,44953.01188238052
6900,,,,1458.0,8183.43648801279,6396.532136179686,173,4,44.958,39758.244164633084
6901,,,,1449.0,8186.43648801279,6399.532136179686,174,4,44.906,38254.62828505634
6902,,,,1439.0,8189.43648801279,6402.532136179686,175,4,44.852,39693.64177571831
6903,,,,1435.0,8192.43648801279,6405.532136179686,176,4,44.799,38926.38655010023
6904,,,,1430.0,8195.43648801279,6408.532136179686,177,4,44.749,36694.247331426384
6905,,,,1421.0,8198.43648801279,6411.532136179686,178,4,44.697,38132.5022055529
6906,,,,1417.0,8201.43648801279,6414.532136179686,179,4,44.649,35172.74613398489
6907,,,,1408.0,8205.43648801279,6418.532136179686,180,4,44.586,46129.36387549449
6908,,,,1399.0,8208.43648801279,6421.532136179686,181,4,44.535,37308.747480658996
6909,,,,1392.0,8211.43648801279,6424.532136179686,182,4,44.487,35087.92795371812
6910,,,,1382.0,8214.43648801279,6427.532136179686,183,4,44.437,36523.02751300558
6911,,,,1376.0,8217.43648801279,6430.532136179686,184,4,44.383,39413.126278722295
6912,,,,1365.0,8220.43648801279,6433.532136179686,185,4,44.329,39379.57353312939
6913,,,,1360.0,8223.43648801279,6436.532136179686,186,4,44.272,41530.467687643584
6914,,,,1354.0,8226.43648801279,6439.532136179686,187,4,44.226,33489.06611054271
6915,,,,1347.0,8229.43648801279,6442.532136179686,188,4,44.181,32739.290621809843
6916,,,,1337.0,8232.43648801279,6445.532136179686,189,4,44.139,30537.729206090156
6917,,,,1321.0,8235.43648801279,6448.532136179686,190,4,44.095,31972.40213566904
6918,,,,1304.0,8238.43648801279,6451.532136179686,191,4,44.04,39935.20299290519
6919,,,,1298.0,8241.43648801279,6454.532136179686,192,4,43.986,39174.87716786743
6920,,,,1292.0,8245.43648801279,6458.532136179686,193,4,43.923,45665.428802153714
6921,,,,1285.0,8248.43648801279,6461.532136179686,194,4,43.872,36932.745554720634
6922,,,,1277.0,8251.43648801279,6464.532136179686,195,4,43.823,35456.87641799743
6923,,,,1266.0,8254.43648801279,6467.532136179686,196,4,43.77,38320.63533060676
6924,,,,1256.0,8257.43648801279,6470.532136179686,197,4,43.72,36122.155916815034
6925,,,,1246.0,8260.43648801279,6473.532136179686,198,4,43.666,38979.7111588417
6926,,,,1230.0,8263.43648801279,6476.532136179686,199,4,43.611,39666.43705003587
6927,,,,1217.0,8266.43648801279,6479.532136179686,200,4,43.552,42511.11681267307
6928,,,,1213.0,8269.43648801279,6482.532136179686,201,4,43.5,37433.291228033166
6929,,,,1205.0,8272.43648801279,6485.532136179686,202,4,43.461,28055.794627930194
6930,,,,1193.0,8275.43648801279,6488.532136179686,203,4,43.415,33071.09373529911
6931,,,,1187.0,8278.43648801279,6491.532136179686,204,4,43.367,34484.125214532156
6932,,,,1180.0,8281.43648801279,6494.532136179686,205,4,43.325,30153.240264785843
6933,,,,1172.0,8284.43648801279,6497.532136179686,206,4,43.282,30852.07820944949
6934,,,,1161.0,8288.43648801279,6501.532136179686,207,4,43.225,40869.443190302234
6935,,,,1147.0,8291.43648801279,6504.532136179686,208,4,43.175,35819.00562821831
6936,,,,1139.0,8294.43648801279,6507.532136179686,209,4,43.125,35790.49344577316
6937,,,,1138.0,8297.43648801279,6510.532136179686,210,4,43.076,35047.11881245597
6938,,,,1135.0,8300.43648801279,6513.532136179686,211,4,43.034,30019.524611277957
6939,,,,1123.0,8303.43648801279,6516.532136179686,212,4,42.98,38567.4364483178
6940,,,,1113.0,8306.43648801279,6519.532136179686,213,4,42.91,49940.7880968795
6941,,,,1118.0,8309.43648801279,6522.532136179686,214,4,42.84,49877.39251929191
6942,,,,1119.0,8312.43648801279,6525.532136179686,215,4,42.779,43413.852479697154
6943,,,,1116.0,8315.43648801279,6528.532136179686,216,4,42.729,35551.817160852916
6944,,,,1116.0,8318.43648801279,6531.532136179686,217,4,42.692,26291.059039973316
6945,,,,1118.0,8321.43648801279,6534.532136179686,218,4,42.654,26987.650103223365
6946,,,,1120.0,8324.43648801279,6537.532136179686,219,4,42.625,20587.0889585785
6947,,,,1124.0,8328.43648801279,6541.532136179686,220,4,42.592,23420.904282567426
6948,,,,1125.0,8331.43648801279,6544.532136179686,221,4,42.58,8515.261302684627
6949,,,,1128.0,8334.43648801279,6547.532136179686,222,4,42.577,2129.206824029196
6950,,,,1129.0,8337.43648801279,6550.532136179686,223,4,42.565,8518.392209548943
6951,,,,1127.0,8340.43648801279,6553.532136179686,224,4,42.538,19164.496493863244
6952,,,,1126.0,8343.43648801279,6556.532136179686,225,4,42.501,26252.14733365174
6953,,,,1126.0,8346.43648801279,6559.532136179686,226,4,42.458,30491.510596157856
6954,,,,1128.0,8349.43648801279,6562.532136179686,227,4,42.412,32596.36703793125
6955,,,,1124.0,8352.43648801279,6565.532136179686,228,4,42.368,31157.2608799617
6956,,,,1124.0,8355.43648801279,6568.532136179686,229,4,42.365,2123.943599816444
6961,,,,1096.0,8371.43648801279,6584.532136179686,234,4,42.331,24106.9242828161
6962,,,,1108.0,8374.43648801279,6587.532136179686,235,4,42.277,38261.393408401906
6963,,,,1120.0,8377.43648801279,6590.532136179686,236,4,42.235,29735.74432394848
6964,,,,1125.0,8380.43648801279,6593.532136179686,237,4,42.22,10616.546453927205
6969,,,,1140.0,8395.43648801279,6608.532136179686,242,4,42.182,26926.481957525375
6970,,,,1149.0,8398.43648801279,6611.532136179686,243,4,42.129,37528.27067326796
6971,,,,1160.0,8401.43648801279,6614.532136179686,244,4,42.099,21229.085775371044
6975,,,,1194.0,8414.43648801279,6627.532136179686,248,4,42.053,32572.216329605162
6980,,,,1226.0,8429.43648801279,6642.532136179686,253,4,42.015,26928.542933619516
6985,,,,1244.0,8444.43648801279,6657.532136179686,258,4,41.997,12769.811968157233
6989,,,,1256.0,8457.43648801279,6670.532136179686,262,4,41.977,14204.09543288994
6990,,,,1261.0,8460.43648801279,6673.532136179686,263,4,41.937,28397.962698203606
6995,,,,1278.0,8475.43648801279,6688.532136179686,268,4,41.934,2132.530001058443
6999,,,,1294.0,8487.43648801279,6700.532136179686,272,4,41.883,36280.96466990049
7000,,,,1300.0,8490.43648801279,6703.532136179686,273,4,41.841,29855.838789941212
7001,,,,1292.0,8493.43648801279,6706.532136179686,274,4,41.835,4264.180749425911
7017,,,,1330.0,8543.43648801279,6756.532136179686,290,4,41.806,20722.865567524936
7018,,,,1328.0,8546.43648801279,6759.532136179686,291,4,41.759,33566.59936067496
7019,,,,1329.0,8549.43648801279,6762.532136179686,292,4,41.71,34967.03279667868
7020,,,,1330.0,8552.43648801279,6765.532136179686,293,4,41.657,37788.52155289972
7021,,,,1343.0,8555.43648801279,6768.532136179686,294,4,41.607,35617.993186892825
7022,,,,1346.0,8558.43648801279,6771.532136179686,295,4,41.568,27762.070240729143
7023,,,,1338.0,8561.43648801279,6774.532136179686,296,4,41.519,34855.85960049605
7024,,,,1343.0,8564.43648801279,6777.532136179686,297,4,41.461,41219.26250696736
7025,,,,1349.0,8567.43648801279,6780.532136179686,298,4,41.411,35500.02983172778
7026,,,,1355.0,8570.43648801279,6783.532136179686,299,4,41.366,31924.575952571773
7027,,,,1353.0,8573.43648801279,6786.532136179686,300,4,41.32,32609.545794599533
7028,,,,1349.0,8576.43648801279,6789.532136179686,301,4,41.267,37540.01449248022
7029,,,,1353.0,8579.43648801279,6792.532136179686,302,4,41.211,39626.42670886904
7030,,,,1354.0,8583.43648801279,6796.532136179686,303,4,41.14,50186.67505392679
7031,,,,1359.0,8586.43648801279,6799.532136179686,304,4,41.087,37419.95639428894
7032,,,,1359.0,8589.43648801279,6802.532136179686,305,4,41.036,35974.90492796016
7033,,,,1358.0,8592.43648801279,6805.532136179686,306,4,40.98,39464.16717605116
7034,,,,1354.0,8595.43648801279,6808.532136179686,307,4,40.923,40127.545976626076
7035,,,,1364.0,8598.43648801279,6811.532136179686,308,4,40.869,37977.29913028872
7036,,,,1362.0,8601.43648801279,6814.532136179686,309,4,40.822,33025.01756268381
7037,,,,1358.0,8604.43648801279,6817.532136179686,310,4,40.764,40716.09020803855
7038,,,,1362.0,8607.43648801279,6820.532136179686,311,4,40.698,46277.81341831062
7039,,,,1373.0,8610.43648801279,6823.532136179686,312,4,40.636,43419.91696159233
7040,,,,1381.0,8613.43648801279,6826.532136179686,313,4,40.589,32882.43980072833
7044,,,,1402.0,8626.43648801279,6839.532136179686,317,4,40.568,14702.009827211292
7045,,,,1415.0,8629.43648801279,6842.532136179686,318,4,40.517,35685.610739152755
7046,,,,1423.0,8632.43648801279,6845.532136179686,319,4,40.5,11889.359818140756
7050,,,,1462.0,8644.43648801279,6857.532136179686,323,4,40.48,14000.529335987703
7051,,,,1469.0,8647.43648801279,6860.532136179686,324,4,40.436,30787.50271801574
7052,,,,1481.0,8650.43648801279,6863.532136179686,325,4,40.42,11191.035082794962
7055,,,,1507.0,8659.43648801279,6872.532136179686,328,4,40.415,3499.92774254436
7056,,,,1512.0,8662.43648801279,6875.532136179686,329,4,40.368,32889.547520121385
7057,,,,1523.0,8666.43648801279,6879.532136179686,330,4,40.352,11192.876053002017
7060,,,,1544.0,8675.43648801279,6888.532136179686,333,4,40.319,23095.252518503738
7061,,,,1554.0,8678.43648801279,6891.532136179686,334,4,40.268,35667.827224235174
7062,,,,1561.0,8681.43648801279,6894.532136179686,335,4,40.23,26555.8544276607
7063,,,,1565.0,8684.43648801279,6897.532136179686,336,4,40.22,6986.6291546049
7081,,,,1674.0,8739.43648801279,6952.532136179686,354,4,40.2,14056.509647316976
7082,,,,1688.0,8742.43648801279,6955.532136179686,355,4,40.187,9136.11714550817
7085,,,,1705.0,8752.43648801279,6965.532136179686,358,4,40.163,16878.198523484505
7086,,,,1706.0,8755.43648801279,6968.532136179686,359,4,40.132,21793.550956953757
7093,,,,1752.0,8776.43648801279,6989.532136179686,366,4,40.116,11268.663604639565
7094,,,,1758.0,8779.43648801279,6992.532136179686,367,4,40.078,26754.208929346194
7095,,,,1760.0,8782.43648801279,6995.532136179686,368,4,40.059,13372.16414396158
7102,,,,1791.0,8804.43648801279,7017.532136179686,375,4,40.048,7758.266931194599
7103,,,,1788.0,8807.43648801279,7020.532136179686,376,4,40.009,27498.7807739138
7104,,,,1796.0,8810.43648801279,7023.532136179686,377,4,39.972,26072.698267666106
7105,,,,1804.0,8813.43648801279,7026.532136179686,378,4,39.949,16200.709123847097
7110,,,,1830.0,8828.43648801279,7041.532136179686,383,4,39.92,20448.43342196915
7111,,,,1841.0,8831.43648801279,7044.532136179686,384,4,39.895,17622.02758226752
7115,,,,1859.0,8844.43648801279,7057.532136179686,388,4,39.849,32443.3741918088
7116,,,,1868.0,8847.43648801279,7060.532136179686,389,4,39.809,28190.763830484313
7117,,,,1869.0,8850.43648801279,7063.532136179686,390,4,39.795,9863.422046681819
7121,,,,1889.0,8862.43648801279,7075.532136179686,394,4,39.79,3526.585039494294
7122,,,,1897.0,8865.43648801279,7078.532136179686,395,4,39.744,32434.766779329584
7123,,,,1898.0,8868.43648801279,7081.532136179686,396,4,39.718,18322.29620546964
7128,,,,1918.0,8884.43648801279,7097.532136179686,401,4,39.709,6350.977232400768
7129,,,,1923.0,8887.43648801279,7100.532136179686,402,4,39.651,40907.8036619442
7130,,,,1921.0,8890.43648801279,7103.532136179686,403,4,39.597,38045.662783311476
7131,,,,1927.0,8893.43648801279,7106.532136179686,404,4,39.538,41523.14369225788
7132,,,,1927.0,8896.43648801279,7109.532136179686,405,4,39.486,36557.6638454933
7133,,,,1913.0,8899.43648801279,7112.532136179686,406,4,39.431,38627.4256128476
7134,,,,1907.0,8902.43648801279,7115.532136179686,407,4,39.366,45596.54371648475
7135,,,,1906.0,8905.43648801279,7118.532136179686,408,4,39.31,39236.07078332825
7136,,,,1902.0,8908.43648801279,7121.532136179686,409,4,39.265,31499.11786705342
7137,,,,1891.0,8911.43648801279,7124.532136179686,410,4,39.214,35667.39183128189
7138,,,,1890.0,8914.43648801279,7127.532136179686,411,4,39.157,39822.09821411838
7139,,,,1890.0,8918.43648801279,7131.532136179686,412,4,39.077,55817.99681625422
7140,,,,1882.0,8921.43648801279,7134.532136179686,413,4,39.021,39017.79542308426
7141,,,,1881.0,8924.43648801279,7137.532136179686,414,4,38.964,39670.414232509116
7142,,,,1880.0,8927.43648801279,7140.532136179686,415,4,38.912,36152.11828490489
7143,,,,1868.0,8930.43648801279,7143.532136179686,416,4,38.854,40280.09078775444
7144,,,,1861.0,8933.43648801279,7146.532136179686,417,4,38.785,47857.23220900674
7145,,,,1868.0,8936.43648801279,7149.532136179686,418,4,38.72,45020.20315022146
7146,,,,1876.0,8939.43648801279,7152.532136179686,419,4,38.667,36665.19708938394
7147,,,,1875.0,8942.43648801279,7155.532136179686,420,4,38.613,37317.86055685735
7148,,,,1878.0,8945.43648801279,7158.532136179686,421,4,38.554,40727.25735075677
7149,,,,1890.0,8948.43648801279,7161.532136179686,422,4,38.498,38611.71598336734
7150,,,,1900.0,8951.43648801279,7164.532136179686,423,4,38.449,33750.52298871253
7155,,,,1919.0,8967.43648801279,7180.532136179686,428,4,38.437,8273.64386180853
7156,,,,1926.0,8970.43648801279,7183.532136179686,429,4,38.431,4137.2370717635595
7195,,,,2176.0,9090.43648801279,7303.532136179686,468,4,38.419,8383.200529245712
7196,,,,2185.0,9093.43648801279,7306.532136179686,469,4,38.416,2096.0825776694674
7204,,,,2224.0,9117.43648801279,7330.532136179686,477,4,38.396,14006.570630341983
7205,,,,2226.0,9120.43648801279,7333.532136179686,478,4,38.382,9803.484217475074
7216,,,,2258.0,9154.43648801279,7367.532136179686,489,4,38.357,17562.557541339338
7217,,,,2258.0,9157.43648801279,7370.532136179686,490,4,38.311,32295.787670495934
7218,,,,2253.0,9160.43648801279,7373.532136179686,491,4,38.262,34370.66305663321
7219,,,,2244.0,9163.43648801279,7376.532136179686,492,4,38.212,35038.23209921252
7220,,,,2229.0,9166.43648801279,7379.532136179686,493,4,38.154,40600.2371529278
7221,,,,2225.0,9170.43648801279,7383.532136179686,494,4,38.059,66396.11522579147
7222,,,,2228.0,9173.43648801279,7386.532136179686,495,4,37.999,41862.793944313235
7223,,,,2225.0,9176.43648801279,7389.532136179686,496,4,37.941,40417.79804018198
7224,,,,2215.0,9179.43648801279,7392.532136179686,497,4,37.883,40369.25235149063
7225,,,,2198.0,9182.43648801279,7395.532136179686,498,4,37.813,48655.15986776334
7226,,,,2192.0,9185.43648801279,7398.532136179686,499,4,37.741,49967.74572590482
7227,,,,2190.0,9188.43648801279,7401.532136179686,500,4,37.671,48504.28607038163
7228,,,,2193.0,9191.43648801279,7404.532136179686,501,4,37.615,38751.24329644392
7229,,,,2187.0,9194.43648801279,7407.532136179686,502,4,37.565,34561.886758443026
7230,,,,2178.0,9197.43648801279,7410.532136179686,503,4,37.512,36597.34477815654
7231,,,,2178.0,9200.43648801279,7413.532136179686,504,4,37.452,41382.09125324502
7232,,,,2175.0,9203.43648801279,7416.532136179686,505,4,37.399,36510.98050190313
7233,,,,2166.0,9206.43648801279,7419.532136179686,506,4,37.342,39221.601364383634
7234,,,,2149.0,9209.43648801279,7422.532136179686,507,4,37.28,42608.04731572477
7235,,,,2144.0,9213.43648801279,7426.532136179686,508,4,37.184,65862.6561257674
7236,,,,2137.0,9216.43648801279,7429.532136179686,509,4,37.117,45880.959982221284
7237,,,,2131.0,9219.43648801279,7432.532136179686,510,4,37.049,46496.27340675557
7238,,,,2125.0,9222.43648801279,7435.532136179686,511,4,36.983,45061.857593318855
7239,,,,2125.0,9225.43648801279,7438.532136179686,512,4,36.918,44314.98382353961
7240,,,,2117.0,9228.43648801279,7441.532136179686,513,4,36.857,41530.50201609172
7241,,,,2108.0,9231.43648801279,7444.532136179686,514,4,36.793,43513.29902989713
7242,,,,2104.0,9234.43648801279,7447.532136179686,515,4,36.733,40738.27063305925
7243,,,,2095.0,9237.43648801279,7450.532136179686,516,4,36.676,38652.32558346291
7244,,,,2086.0,9240.43648801279,7453.532136179686,517,4,36.617,39958.299379442484
7245,,,,2081.0,9243.43648801279,7456.532136179686,518,4,36.559,39231.06708991567
7246,,,,2073.0,9246.43648801279,7459.532136179686,519,4,36.504,37156.48140180212
7247,,,,2068.0,9249.43648801279,7462.532136179686,520,4,36.449,37112.57770604965
7248,,,,2056.0,9253.43648801279,7466.532136179686,521,4,36.373,51212.88514668547
7249,,,,2051.0,9256.43648801279,7469.532136179686,522,4,36.309,43057.68427659175
7250,,,,2045.0,9259.43648801279,7472.532136179686,523,4,36.259,33596.9393531037
7251,,,,2032.0,9262.43648801279,7475.532136179686,524,4,36.203,37585.78167648368
7252,,,,2022.0,9265.43648801279,7478.532136179686,525,4,36.145,38879.476344015355
7253,,,,2011.0,9268.43648801279,7481.532136179686,526,4,36.087,38829.706855324
7254,,,,2000.0,9271.43648801279,7484.532136179686,527,4,36.025,41452.073337465015
7255,,,,1986.0,9274.43648801279,7487.532136179686,528,4,35.96,43395.32018832253
7256,,,,1974.0,9277.43648801279,7490.532136179686,529,4,35.89,46660.86681646052
7257,,,,1967.0,9280.43648801279,7493.532136179686,530,4,35.82,46585.00703887799
7258,,,,1958.0,9283.43648801279,7496.532136179686,531,4,35.752,45181.519909762064
7259,,,,1952.0,9286.43648801279,7499.532136179686,532,4,35.692,39807.61010697666
7260,,,,1934.0,9289.43648801279,7502.532136179686,533,4,35.634,38429.544122751904
7261,,,,1925.0,9292.43648801279,7505.532136179686,534,4,35.559,49616.73231683397
7262,,,,1922.0,9296.43648801279,7509.532136179686,535,4,35.464,62724.776825371824
7263,,,,1918.0,9299.43648801279,7512.532136179686,536,4,35.396,44809.148728758446
7264,,,,1916.0,9302.43648801279,7515.532136179686,537,4,35.33,43422.99212138036
7265,,,,1913.0,9305.43648801279,7518.532136179686,538,4,35.266,42043.3020356961
7266,,,,1910.0,9308.43648801279,7521.532136179686,539,4,35.207,38703.61323256216
7267,,,,1903.0,9311.43648801279,7524.532136179686,540,4,35.15,37342.110008267024
7268,,,,1896.0,9314.43648801279,7527.532136179686,541,4,35.09,39254.76113507794
7269,,,,1897.0,9317.43648801279,7530.532136179686,542,4,35.027,41158.57373649111
7270,,,,1901.0,9320.43648801279,7533.532136179686,543,4,34.97,37186.94779253299
7271,,,,1904.0,9323.43648801279,7536.532136179686,544,4,34.92,32580.748807358843
7272,,,,1906.0,9326.43648801279,7539.532136179686,545,4,34.869,33195.016479159414
7273,,,,1906.0,9329.43648801279,7542.532136179686,546,4,34.818,33157.16246754877
7274,,,,1909.0,9332.43648801279,7545.532136179686,547,4,34.766,33768.18955025761
7275,,,,1910.0,9336.43648801279,7549.532136179686,548,4,34.693,47340.46656752453
7276,,,,1912.0,9339.43648801279,7552.532136179686,549,4,34.64,34319.15095123794
7277,,,,1915.0,9342.43648801279,7555.532136179686,550,4,34.585,35570.15912354751
7278,,,,1920.0,9345.43648801279,7558.532136179686,551,4,34.527,37461.14478045321
7279,,,,1922.0,9348.43648801279,7561.532136179686,552,4,34.475,33543.16235638439
7280,,,,1923.0,9351.43648801279,7564.532136179686,553,4,34.442,21267.60729866526
7285,,,,1947.0,9366.43648801279,7579.532136179686,558,4,34.431,7096.040382629751
7289,,,,1964.0,9379.43648801279,7592.532136179686,562,4,34.401,19368.161170283038
7290,,,,1967.0,9382.43648801279,7595.532136179686,563,4,34.364,23871.780068637345
7291,,,,1967.0,9385.43648801279,7598.532136179686,564,4,34.361,1935.0423679161102
7315,,,,2004.0,9458.43648801279,7671.532136179686,588,4,34.328,21439.787949524845
7316,,,,2004.0,9462.43648801279,7675.532136179686,589,4,34.278,32458.995884833043
7317,,,,1997.0,9465.43648801279,7678.532136179686,590,4,34.244,22052.08172707412
7318,,,,1975.0,9468.43648801279,7681.532136179686,591,4,34.191,34342.539906027465
7319,,,,1968.0,9471.43648801279,7684.532136179686,592,4,34.124,43351.759306465894
7320,,,,1966.0,9474.43648801279,7687.532136179686,593,4,34.061,40698.910471916126
7321,,,,1956.0,9477.43648801279,7690.532136179686,594,4,34.001,38703.19693482906
7322,,,,1950.0,9480.43648801279,7693.532136179686,595,4,33.944,36716.45065914447
7323,,,,1942.0,9483.43648801279,7696.532136179686,596,4,33.889,35380.94710102526
7324,,,,1938.0,9486.43648801279,7699.532136179686,597,4,33.832,36618.5650280701
7325,,,,1939.0,9489.43648801279,7702.532136179686,598,4,33.786,29516.208956536248
7326,,,,1928.0,9492.43648801279,7705.532136179686,599,4,33.741,28844.80914267288
7327,,,,1921.0,9495.43648801279,7708.532136179686,600,4,33.682,37772.438045544295
7328,,,,1914.0,9498.43648801279,7711.532136179686,601,4,33.614,43466.061169020155
7329,,,,1917.0,9501.43648801279,7714.532136179686,602,4,33.546,43391.92026837447
7330,,,,1916.0,9505.43648801279,7718.532136179686,603,4,33.468,49685.79102299711
7331,,,,1917.0,9508.43648801279,7721.532136179686,604,4,33.416,33070.03783534514
7332,,,,1910.0,9511.43648801279,7724.532136179686,605,4,33.36,35567.5982437167
7333,,,,1907.0,9514.43648801279,7727.532136179686,606,4,33.301,37420.26919291623
7334,,,,1904.0,9517.43648801279,7730.532136179686,607,4,33.247,34201.783623832154
7335,,,,1897.0,9520.43648801279,7733.532136179686,608,4,33.189,36684.98367402172
7336,,,,1892.0,9523.43648801279,7736.532136179686,609,4,33.127,39156.48527661998
7337,,,,1885.0,9526.43648801279,7739.532136179686,610,4,33.065,39095.58080890462
7338,,,,1875.0,9529.43648801279,7742.532136179686,611,4,33.006,37147.54449376852
7339,,,,1866.0,9532.43648801279,7745.532136179686,612,4,32.939,42117.30712153434
7340,,,,1860.0,9535.43648801279,7748.532136179686,613,4,32.88,37029.16075806475
7341,,,,1850.0,9538.43648801279,7751.532136179686,614,4,32.823,35722.12187659991
7342,,,,1843.0,9541.43648801279,7754.532136179686,615,4,32.765,36296.6167097953
7343,,,,1824.0,9544.43648801279,7757.532136179686,616,4,32.707,36243.81405310395
7344,,,,1816.0,9548.43648801279,7761.532136179686,617,4,32.616,56759.65902028849
7345,,,,1815.0,9551.43648801279,7764.532136179686,618,4,32.554,38592.961187273715
7346,,,,1814.0,9554.43648801279,7767.532136179686,619,4,32.493,37910.733244381816
7347,,,,1814.0,9557.43648801279,7770.532136179686,620,4,32.43,39091.33929401051
7348,,,,1822.0,9560.43648801279,7773.532136179686,621,4,32.376,33456.97694027774
7349,,,,1823.0,9563.43648801279,7776.532136179686,622,4,32.327,30320.36852311037
7350,,,,1825.0,9566.43648801279,7779.532136179686,623,4,32.275,32136.56835992707
7351,,,,1822.0,9569.43648801279,7782.532136179686,624,4,32.221,33328.2802894684
7352,,,,1821.0,9572.43648801279,7785.532136179686,625,4,32.164,35130.315426997055
7353,,,,1825.0,9575.43648801279,7788.532136179686,626,4,32.106,35693.97157890566
7354,,,,1826.0,9578.43648801279,7791.532136179686,627,4,32.05,34412.79359419988
7355,,,,1826.0,9581.43648801279,7794.532136179686,628,4,31.992,35589.63262278599
7356,,,,1827.0,9584.43648801279,7797.532136179686,629,4,31.93,37984.693649579436
7357,,,,1822.0,9588.43648801279,7801.532136179686,630,4,31.85,48924.03833643542
7358,,,,1811.0,9591.43648801279,7804.532136179686,631,4,31.788,37843.5497838985
7359,,,,1799.0,9594.43648801279,7807.532136179686,632,4,31.722,40216.61564934305
7360,,,,1795.0,9597.43648801279,7810.532136179686,633,4,31.662,36499.43486137355
7361,,,,1788.0,9600.43648801279,7813.532136179686,634,4,31.617,27337.770923622138
7362,,,,1785.0,9603.43648801279,7816.532136179686,635,4,31.583,20635.864325443385
7363,,,,1770.0,9606.43648801279,7819.532136179686,636,4,31.549,20620.10064428094
7364,,,,1750.0,9609.43648801279,7822.532136179686,637,4,31.502,28476.575260268
7365,,,,1734.0,9612.43648801279,7825.532136179686,638,4,31.434,41137.84459104966
7366,,,,1726.0,9615.43648801279,7828.532136179686,639,4,31.368,39855.33039313334
7367,,,,1720.0,9618.43648801279,7831.532136179686,640,4,31.303,39181.80715411485
7368,,,,1718.0,9621.43648801279,7834.532136179686,641,4,31.249,32499.36514070274
7369,,,,1708.0,9624.43648801279,7837.532136179686,642,4,31.204,27048.371939362714
7370,,,,1696.0,9627.43648801279,7840.532136179686,643,4,31.154,30017.384225975507
7371,,,,1677.0,9631.43648801279,7844.532136179686,644,4,31.076,46750.414826624445
7372,,,,1677.0,9634.43648801279,7847.532136179686,645,4,31.012,38283.705130735274
7373,,,,1672.0,9637.43648801279,7850.532136179686,646,4,30.954,34637.21658613953
7374,,,,1670.0,9640.43648801279,7853.532136179686,647,4,30.9,32200.17616059655
7375,,,,1664.0,9643.43648801279,7856.532136179686,648,4,30.845,32748.869227379066
7376,,,,1657.0,9646.43648801279,7859.532136179686,649,4,30.796,29136.18358632192
7377,,,,1645.0,9649.43648801279,7862.532136179686,650,4,30.748,28505.516122475412
7378,,,,1636.0,9652.43648801279,7865.532136179686,651,4,30.687,36172.84357410498
7379,,,,1626.0,9655.43648801279,7868.532136179686,652,4,30.63,33746.416750723656
7380,,,,1612.0,9658.43648801279,7871.532136179686,653,4,30.573,33694.14143742245
7381,,,,1594.0,9661.43648801279,7874.532136179686,654,4,30.514,34821.10207385162
7382,,,,1561.0,9664.43648801279,7877.532136179686,655,4,30.445,40650.272487220696
7383,,,,1556.0,9667.43648801279,7880.532136179686,656,4,30.363,48204.31319297314
7384,,,,1558.0,9670.43648801279,7883.532136179686,657,4,30.301,36372.136264746776
7385,,,,1544.0,9674.43648801279,7887.532136179686,658,4,30.232,40407.96381109205
7386,,,,1520.0,9677.43648801279,7890.532136179686,659,4,30.169,36825.19100268433
7387,,,,1514.0,9680.43648801279,7893.532136179686,660,4,30.099,40839.43823816901
7388,,,,1506.0,9683.43648801279,7896.532136179686,661,4,30.039,34940.550210966045
7389,,,,1497.0,9686.43648801279,7899.532136179686,662,4,29.979,34881.63270825442
7390,,,,1483.0,9689.43648801279,7902.532136179686,663,4,29.921,33663.04024665394
7391,,,,1466.0,9692.43648801279,7905.532136179686,664,4,29.858,36502.46213146507
7392,,,,1442.0,9695.43648801279,7908.532136179686,665,4,29.79,39325.31090331592
7393,,,,1436.0,9698.43648801279,7911.532136179686,666,4,29.716,42706.52196251988
7394,,,,1436.0,9701.43648801279,7914.532136179686,667,4,29.651,37436.43669895134
7395,,,,1432.0,9704.43648801279,7917.532136179686,668,4,29.598,30473.842346348774
7396,,,,1423.0,9707.43648801279,7920.532136179686,669,4,29.549,28134.12155186784
7397,,,,1412.0,9710.43648801279,7923.532136179686,670,4,29.492,32678.8911992587
7398,,,,1404.0,9714.43648801279,7927.532136179686,671,4,29.416,43491.60987232546
7399,,,,1391.0,9717.43648801279,7930.532136179686,672,4,29.351,37119.19835591883
7400,,,,1382.0,9720.43648801279,7933.532136179686,673,4,29.283,38756.46896659242
7401,,,,1371.0,9723.43648801279,7936.532136179686,674,4,29.222,34701.04875560245
7402,,,,1364.0,9726.43648801279,7939.532136179686,675,4,29.154,38609.75103684875
7403,,,,1362.0,9729.43648801279,7942.532136179686,676,4,29.103,28907.1968555893
7404,,,,1359.0,9732.43648801279,7945.532136179686,677,4,29.059,24906.55072469547
7405,,,,1348.0,9735.43648801279,7948.532136179686,678,4,29.013,26006.38831566607
7406,,,,1333.0,9738.43648801279,7951.532136179686,679,4,28.965,27101.523393697295
7407,,,,1322.0,9741.43648801279,7954.532136179686,680,4,28.908,32134.670770632776
7408,,,,1318.0,9744.43648801279,7957.532136179686,681,4,28.847,34330.185691275874
7409,,,,1308.0,9747.43648801279,7960.532136179686,682,4,28.787,33707.02527300903
7410,,,,1302.0,9750.43648801279,7963.532136179686,683,4,28.722,36447.96037929202
7411,,,,1299.0,9753.43648801279,7966.532136179686,684,4,28.661,34140.568205489886
7412,,,,1295.0,9757.43648801279,7970.532136179686,685,4,28.592,38546.33327612701
7413,,,,1289.0,9760.43648801279,7973.532136179686,686,4,28.541,28439.79391135047
7414,,,,1280.0,9763.43648801279,7976.532136179686,687,4,28.487,30066.619826074384
7415,,,,1274.0,9766.43648801279,7979.532136179686,688,4,28.429,32240.25695080059
7416,,,,1266.0,9769.43648801279,7982.532136179686,689,4,28.373,31075.71775795629
7417,,,,1256.0,9772.43648801279,7985.532136179686,690,4,28.312,33790.984301703276
7418,,,,1254.0,9775.43648801279,7988.532136179686,691,4,28.256,30966.70591021934
7419,,,,1252.0,9778.43648801279,7991.532136179686,692,4,28.203,29260.279520866305
7420,,,,1250.0,9781.43648801279,7994.532136179686,693,4,28.155,26460.585484387437
7421,,,,1244.0,9784.43648801279,7997.532136179686,694,4,28.107,26423.61435305263
7422,,,,1240.0,9787.43648801279,8000.532136179686,695,4,28.057,27485.07914563791
7423,,,,1242.0,9790.43648801279,8003.532136179686,696,4,28.008,26896.140263321136
7424,,,,1240.0,9793.43648801279,8006.532136179686,697,4,27.967,22475.691904077357
7425,,,,1237.0,9797.43648801279,8010.532136179686,698,4,27.911,30657.824740320575
7426,,,,1237.0,9800.43648801279,8013.532136179686,699,4,27.875,19682.177397130883
7427,,,,1234.0,9803.43648801279,8016.532136179686,700,4,27.837,20754.424037566547
7428,,,,1229.0,9806.43648801279,8019.532136179686,701,4,27.795,22913.17033744629
7429,,,,1219.0,9809.43648801279,8022.532136179686,702,4,27.747,26152.1146280269
7430,,,,1216.0,9812.43648801279,8025.532136179686,703,4,27.692,29919.541655241606
7431,,,,1215.0,9815.43648801279,8028.532136179686,704,4,27.646,24985.664721187644
7432,,,,1209.0,9818.43648801279,8031.532136179686,705,4,27.616,16277.593116017502
7433,,,,1200.0,9821.43648801279,8034.532136179686,706,4,27.603,7050.2887186095
7434,,,,1199.0,9822.43648801279,8035.532136179686,707,4,27.6,1626.683884343372
7435,,,,1198.0,9823.43648801279,8036.532136179686,708,4,27.598,1084.4680945319853
7436,,,,1196.0,9824.43648801279,8037.532136179686,709,4,27.593,2711.1023710490304
7437,,,,1195.0,9825.43648801279,8038.532136179686,710,4,27.587,3253.005512451398
7438,,,,1192.0,9826.43648801279,8039.532136179686,711,4,27.583,2168.4980041753865
7439,,,,1189.0,9827.43648801279,8040.532136179686,712,4,27.581,1084.2414128488742
7440,,,,1186.0,9828.43648801279,8041.532136179686,1,5,27.456,67615.957373845
7448,,,,1138.0,9852.43648801279,8065.532136179686,9,5,27.434,11897.605254193655
7457,,,,1101.0,9879.43648801279,8092.532136179686,18,5,27.431,1626.1058487445268
7458,,,,1098.0,9883.43648801279,8096.532136179686,19,5,27.371,32497.925184965847
7459,,,,1100.0,9886.43648801279,8099.532136179686,20,5,27.325,24874.43238682365
7460,,,,1098.0,9889.43648801279,8102.532136179686,21,5,27.278,25379.666326083556
7461,,,,1093.0,9892.43648801279,8105.532136179686,22,5,27.226,28037.22263381754
7462,,,,1093.0,9895.43648801279,8108.532136179686,23,5,27.165,32831.58384718969
7463,,,,1098.0,9898.43648801279,8111.532136179686,24,5,27.111,29011.36709646183
7464,,,,1105.0,9901.43648801279,8114.532136179686,25,5,27.069,22531.31281466324
7465,,,,1099.0,9904.43648801279,8117.532136179686,26,5,27.063,3216.881735814772
7473,,,,1097.0,9929.43648801279,8142.532136179686,34,5,27.029,18261.504669325408
7474,,,,1097.0,9932.43648801279,8145.532136179686,35,5,26.978,27357.475967812577
7475,,,,1096.0,9935.43648801279,8148.532136179686,36,5,26.937,21962.431388299792
7476,,,,1096.0,9938.43648801279,8151.532136179686,37,5,26.906,16588.572310547515
7477,,,,1094.0,9941.43648801279,8154.532136179686,38,5,26.899,3744.2929316615723
7485,,,,1089.0,9965.43648801279,8178.532136179686,46,5,26.859,21428.87738890321
7486,,,,1086.0,9969.43648801279,8182.532136179686,47,5,26.801,31027.677792914255
7487,,,,1081.0,9972.43648801279,8185.532136179686,48,5,26.757,23500.56515069788
7488,,,,1075.0,9975.43648801279,8188.532136179686,49,5,26.71,25067.763147115573
7489,,,,1069.0,9978.43648801279,8191.532136179686,50,5,26.662,25563.317387435465
7490,,,,1065.0,9981.43648801279,8194.532136179687,51,5,26.612,26587.55237312005
7491,,,,1059.0,9984.43648801279,8197.532136179687,52,5,26.556,29727.741074899797
7492,,,,1054.0,9987.43648801279,8200.532136179687,53,5,26.498,30732.660415231683
7493,,,,1048.0,9990.43648801279,8203.532136179687,54,5,26.437,32259.469085070352
7494,,,,1043.0,9993.43648801279,8206.532136179687,55,5,26.378,31140.39753874989
7495,,,,1034.0,9996.43648801279,8209.532136179687,56,5,26.322,29501.483363423842
7496,,,,1027.0,9999.43648801279,8212.532136179687,57,5,26.266,29447.620497771022
7497,,,,1019.0,10002.43648801279,8215.532136179687,58,5,26.207,30966.613140292902
7498,,,,1007.0,10005.43648801279,8218.532136179687,59,5,26.149,30382.988700450976
7499,,,,1003.0,10009.43648801279,8222.532136179687,60,5,26.077,37638.2037616524
7500,,,,992.0,10012.43648801279,8225.532136179687,61,5,26.024,27647.871533484016
7501,,,,984.0,10015.43648801279,8228.532136179687,62,5,25.967,29680.615831552685
7502,,,,979.0,10018.43648801279,8231.532136179687,63,5,25.91,29624.40649225173
7503,,,,972.0,10021.43648801279,8234.532136179687,64,5,25.854,29049.979748468155
7504,,,,970.0,10024.43648801279,8237.532136179687,65,5,25.804,25892.117004888605
7505,,,,964.0,10027.43648801279,8240.532136179687,66,5,25.758,23783.59528896579
7506,,,,952.0,10030.43648801279,8243.532136179687,67,5,25.707,26327.037106633656
7507,,,,948.0,10033.43648801279,8246.532136179687,68,5,25.645,31944.695893011434
7508,,,,946.0,10036.43648801279,8249.532136179687,69,5,25.592,27254.555505824923
7509,,,,940.0,10039.43648801279,8252.532136179687,70,5,25.54,26693.496258263436
7510,,,,934.0,10042.43648801279,8255.532136179687,71,5,25.487,27159.07655371334
7511,,,,933.0,10045.43648801279,8258.532136179687,72,5,25.43,29154.55891062768
7512,,,,931.0,10049.43648801279,8262.532136179687,73,5,25.357,37257.79335691971
7513,,,,925.0,10052.43648801279,8265.532136179687,74,5,25.3,29025.897684875334
7514,,,,924.0,10055.43648801279,8268.532136179687,75,5,25.239,30999.693984728354
7515,,,,924.0,10058.43648801279,8271.532136179687,76,5,25.181,29414.489328084997
7516,,,,927.0,10061.43648801279,8274.532136179687,77,5,25.129,26321.925225019822
7517,,,,929.0,10064.43648801279,8277.532136179687,78,5,25.085,22236.527007599514
7518,,,,929.0,10067.43648801279,8280.532136179687,79,5,25.06,12620.79006728611
7519,,,,928.0,10070.43648801279,8283.532136179687,80,5,25.057,1514.1001964092684
7526,,,,921.0,10092.43648801279,8305.532136179687,87,5,25.033,12132.72344842812
7527,,,,918.0,10095.43648801279,8308.532136179687,88,5,24.985,24237.77002835726
7528,,,,918.0,10098.43648801279,8311.532136179687,89,5,24.937,24198.439025018703
7529,,,,913.0,10101.43648801279,8314.532136179687,90,5,24.887,25164.698578937823
7530,,,,908.0,10104.43648801279,8317.532136179687,91,5,24.84,23615.775722252667
7531,,,,898.0,10107.43648801279,8320.532136179687,92,5,24.794,23076.93512171692
7532,,,,896.0,10110.43648801279,8323.532136179687,93,5,24.743,25542.875307642138
7533,,,,890.0,10113.43648801279,8326.532136179687,94,5,24.696,23499.914766949147
7534,,,,875.0,10116.43648801279,8329.532136179687,95,5,24.647,24459.59095577426
7535,,,,861.0,10119.43648801279,8332.532136179687,96,5,24.586,30390.823213474327
7536,,,,862.0,10122.43648801279,8335.532136179687,97,5,24.519,33303.170330839246
7537,,,,858.0,10125.43648801279,8338.532136179687,98,5,24.46,29260.091471035088
7538,,,,848.0,10128.43648801279,8341.532136179687,99,5,24.406,26726.553580855594
7539,,,,835.0,10131.43648801279,8344.532136179687,100,5,24.349,28155.616600463938
7540,,,,821.0,10135.43648801279,8348.532136179687,101,5,24.27,38929.20814224512
7541,,,,804.0,10138.43648801279,8351.532136179687,102,5,24.204,32435.737641114996
7542,,,,787.0,10141.43648801279,8354.532136179687,103,5,24.135,33825.655989189014
7543,,,,776.0,10144.43648801279,8357.532136179687,104,5,24.07,31785.816458803303
7544,,,,765.0,10147.43648801279,8360.532136179687,105,5,24.004,32196.638873831464
7545,,,,758.0,10150.43648801279,8363.532136179687,106,5,23.941,30659.748677320877
7546,,,,749.0,10153.43648801279,8366.532136179687,107,5,23.884,27678.52170223439
7547,,,,741.0,10156.43648801279,8369.532136179687,108,5,23.823,29556.52004755117
7548,,,,734.0,10159.43648801279,8372.532136179687,109,5,23.775,23211.305181909654
7549,,,,723.0,10162.43648801279,8375.532136179687,110,5,23.732,20759.835420148658
7550,,,,712.0,10165.43648801279,8378.532136179687,111,5,23.678,26024.94057042034
7551,,,,700.0,10168.43648801279,8381.532136179687,112,5,23.618,28855.58232822427
7552,,,,693.0,10171.43648801279,8384.532136179687,113,5,23.556,29749.295382900807
7553,,,,691.0,10174.43648801279,8387.532136179687,114,5,23.495,29201.76208304685
7554,,,,698.0,10178.43648801279,8391.532136179687,115,5,23.425,33430.056801229344
7555,,,,697.0,10181.43648801279,8394.532136179687,116,5,23.416,4292.177998815227
7559,,,,682.0,10193.43648801279,8406.532136179687,120,5,23.398,8589.519643497279
7560,,,,685.0,10196.43648801279,8409.532136179687,121,5,23.369,13828.84561181189
7561,,,,680.0,10199.43648801279,8412.532136179687,122,5,23.341,13339.638993941546
7562,,,,674.0,10202.43648801279,8415.532136179687,123,5,23.314,12851.85620740288
7563,,,,673.0,10205.43648801279,8418.532136179687,124,5,23.278,17117.701086582358
7564,,,,673.0,10208.43648801279,8421.532136179687,125,5,23.242,17096.27275520374
7565,,,,658.0,10211.43648801279,8424.532136179687,126,5,23.216,12334.47582536246
7566,,,,647.0,10214.43648801279,8427.532136179687,127,5,23.179,17534.254891871304
7567,,,,644.0,10217.43648801279,8430.532136179687,128,5,23.139,18930.048930070654
7568,,,,635.0,10221.43648801279,8434.532136179687,129,5,23.091,22681.776424359083
7569,,,,630.0,10224.43648801279,8437.532136179687,130,5,23.049,19813.730981390978
7570,,,,628.0,10227.43648801279,8440.532136179687,131,5,23.005,20724.631840833634
7571,,,,622.0,10230.43648801279,8443.532136179687,132,5,22.969,16932.02713559537
7572,,,,614.0,10233.43648801279,8446.532136179687,133,5,22.929,18787.770717073712
7573,,,,612.0,10236.43648801279,8449.532136179687,134,5,22.886,20166.24052102681
7574,,,,603.0,10239.43648801279,8452.532136179687,135,5,22.846,18730.796378791638
7575,,,,595.0,10242.43648801279,8455.532136179687,136,5,22.803,20104.950279375378
7576,,,,594.0,10245.43648801279,8458.532136179687,137,5,22.749,25201.806636706722
7577,,,,592.0,10248.43648801279,8461.532136179687,138,5,22.7,22823.278307240733
7578,,,,585.0,10251.43648801279,8464.532136179687,139,5,22.652,22316.311085008285
7579,,,,577.0,10254.43648801279,8467.532136179687,140,5,22.602,23202.713441426873
7580,,,,568.0,10257.43648801279,8470.532136179687,141,5,22.556,21307.444578581064
7581,,,,561.0,10261.43648801279,8474.532136179687,142,5,22.499,26352.754195143727
7582,,,,555.0,10264.43648801279,8477.532136179687,143,5,22.461,17536.58445104021
7583,,,,546.0,10267.43648801279,8480.532136179687,144,5,22.42,18893.325497757116
7584,,,,542.0,10270.43648801279,8483.532136179687,145,5,22.372,22081.602776212145
7585,,,,537.0,10273.43648801279,8486.532136179687,146,5,22.329,19747.01403137803
7586,,,,529.0,10276.43648801279,8489.532136179687,147,5,22.284,20630.81974678794
7587,,,,525.0,10279.43648801279,8492.532136179687,148,5,22.241,19680.75211403675
7588,,,,522.0,10282.43648801279,8495.532136179687,149,5,22.197,20104.960156789966
7589,,,,515.0,10285.43648801279,8498.532136179687,150,5,22.153,20071.00076270838
7590,,,,509.0,10288.43648801279,8501.532136179687,151,5,22.113,18217.11718313458
7591,,,,502.0,10291.43648801279,8504.532136179687,152,5,22.07,19552.381149044035
7592,,,,501.0,10294.43648801279,8507.532136179687,153,5,22.02,22694.085237824518
7593,,,,500.0,10297.43648801279,8510.532136179687,154,5,21.976,19934.02469197109
7594,,,,495.0,10300.43648801279,8513.532136179687,155,5,21.94,16284.74287707152
7595,,,,489.0,10304.43648801279,8517.532136179687,156,5,21.897,19423.77003997699
7596,,,,480.0,10307.43648801279,8520.532136179687,157,5,21.853,19841.81523942324
7597,,,,478.0,10310.43648801279,8523.532136179687,158,5,21.807,20707.068225066687
7598,,,,472.0,10313.43648801279,8526.532136179687,159,5,21.768,17526.911803640203
7599,,,,467.0,10316.43648801279,8529.532136179687,160,5,21.727,18397.249606890935
7600,,,,467.0,10319.43648801279,8532.532136179687,161,5,21.682,20158.038832867387
7601,,,,465.0,10322.43648801279,8535.532136179687,162,5,21.643,17441.562872882085
7602,,,,464.0,10325.43648801279,8538.532136179687,163,5,21.603,17861.353054423667
7603,,,,458.0,10328.43648801279,8541.532136179687,164,5,21.565,16942.601959952488
7604,,,,456.0,10331.43648801279,8544.532136179687,165,5,21.521,19586.171990991057
7605,,,,453.0,10334.43648801279,8547.532136179687,166,5,21.481,17776.057514300664
7606,,,,446.0,10337.43648801279,8550.532136179687,167,5,21.438,19077.91477504915
7607,,,,438.0,10340.43648801279,8553.532136179687,168,5,21.392,20372.52115995276
7608,,,,434.0,10344.43648801279,8557.532136179687,169,5,21.327,28723.75885154119
7609,,,,437.0,10347.43648801279,8560.532136179687,170,5,21.278,21601.774047018804
7610,,,,440.0,10350.43648801279,8563.532136179687,171,5,21.235,18921.208575839846
7611,,,,437.0,10353.43648801279,8566.532136179687,172,5,21.206,12742.895741644737
7621,,,,419.0,10383.43648801279,8596.532136179687,182,5,21.183,10123.300253678468
7626,,,,412.0,10399.43648801279,8612.532136179687,187,5,21.162,9247.646899783284
7627,,,,412.0,10402.43648801279,8615.532136179687,188,5,21.132,13198.819464719327
7628,,,,406.0,10405.43648801279,8618.532136179687,189,5,21.102,13183.896139042467
7629,,,,412.0,10408.43648801279,8621.532136179687,190,5,21.067,15361.96753920546
7630,,,,403.0,10411.43648801279,8624.532136179687,191,5,21.019,21032.434369657098
7631,,,,405.0,10414.43648801279,8627.532136179687,192,5,20.986,14436.127354405242
7631,,,,405.0,10414.43648801279,8627.532136179687,192,5,20.986,7025926.396557766
